23892
21136
24593
40314
26744
29111
41282
43443
28850
22118
25078
37299
36093
17657
27523
20950
23189
24325
58968
61751
58934
62497
44046
56552
57579
56018
15343
30393
22138
22193
16639
29280
25031
14646
37745
24309
13089
29415
13146
11637
13293
13865
13065
8547
7486
13528
12645
12445
14554
10556
8908
13089
8651
6204
8026
8689
6806
4557
4966
7003
8320
7437
5810
9092
8101
5985
4557
16633
21295
8475
10285
9738
12345
15320
9438
10825
10941
14730
7378
13044
10705
15267
11823
10263
9874
8619
6399
10921
12987
15983
14829
7397
9811
7516
8481
18753
13460
17006
31751
23273
19448
21302
14949
33030
36077
31030
13214
24704
17300
8370
18739
8294
10535
9049
7272
12592
11459
9837
7793
8521
10330
11461
8976
11200
7029
9155
8071
9867
5922
10607
15062
7519
15065
8818
13356
9907
8128
17537
14036
6246
8478
14642
10895
8972
10528
6523
9191
14671
5032
7083
6790
5765
4721
7278
7865
35503
31187
30630
25758
24870
28688
18662
22251
21073
19309
37418
19051
14981
17304
28265
27465
34441
12629
16238
11418
7809
16278
15914
8118
11294
13677
9991
12028
7242
8518
10008
8483
18015
9039
14281
12246
14268
11655
10851
9699
12848
7752
7932
6043
6836
18767
18716
18646
10426
21128
11034
13293
15730
8354
18224
16743
9130
14200
16652
12873
10563
12006
8412
9826
11811
12724
10035
14191
14949
13270
13280
9588
16274
10884
13030
8255
8407
7167
12526
6787
10010
12253
16563
8861
9912
8515
11161
7812
9611
14071
8246
7079
13806
12391
8349
10370
5923
10671
9613
10761
7943
8447
12797
9197
10831
6359
10544
8363
7420
7480
6377
10413
7652
10339
10326
8411
7013
7426
9312
6477
5591
8019
6482
5529
10000
7904
6156
7221
9400
7523
10581
12613
8801
6924
7041
7854
16297
9916
7339
10169
22677
17859
22444
17535
28000
18764
18765
25291
19465
18952
17040
22000
16364
28546
20545
11307
20393
8464
19007
32386
18368
30201
24560
28703
20783
14618
14804
27035
13476
17000
16768
14334
24481
8182
21345
12064
27487
13714
25755
43551
39791
32990
35308
38422
26865
8258
17635
20413
17108
12476
14067
14963
10249
9429
24205
12735
14129
9286
12409
18299
6590
8396
14743
9158
9398
7865
19437
12085
9965
6876
15577
12137
11398
13241
10748
15161
9157
7464
11711
9413
8926
7966
9706
9370
10913
12400
7539
6990
9301
13945
7692
6554
12189
8737
12833
9209
16128
10107
8243
12883
7001
9341
6079
6640
6717
6881
13703
9165
13312
28879
25772
21167
29866
24279
27722
20789
13166
29238
26136
12336
12191
16301
9440
8193
12981
10404
13194
22508
9359
17486
10316
9250
12851
17477
15191
9440
8359
12109
15658
9109
7888
6220
9716
5767
7340
6419
11136
7357
9525
7769
9210
8212
14491
13990
9292
14475
16051
11996
10496
15746
12961
12195
9312
18676
16261
9467
16045
10208
8478
14646
7805
10018
9866
15796
19045
10776
15004
16857
13819
11241
17492
11795
13233
9818
11131
11746
10392
15579
14349
10452
14857
10626
8984
6965
11475
14060
10567
8675
10761
8364
12231
9894
9995
12054
8969
13529
8438
6496
10634
17715
7760
10392
12830
8343
8466
11646
9051
8207
11551
6161
12012
6268
8598
20428
19329
23144
10352
15947
14832
27404
9425
29881
16601
35898
9737
10793
14873
21006
17036
22985
12635
12290
19605
10381
8691
6803
13566
8362
15010
7887
8095
14634
10177
10299
9898
10336
8476
13528
12088
9193
11028
16230
14161
8787
8291
9201
11104
13646
8910
17226
16247
18794
17267
12506
11655
14942
19697
11627
15741
9720
18823
10144
14241
7264
13772
11803
13897
19372
11486
17617
11756
9902
13462
16924
16795
7904
10039
16277
17987
16751
13137
11146
10251
8063
10274
8156
14305
13477
7633
14648
9423
9142
7497
9451
15697
20310
21095
7828
12406
18626
34246
28820
23184
12647
20544
12286
15181
21851
12091
14183
16637
11412
9812
15842
14357
16699
12846
11007
13914
9886
8676
12760
9702
7983
10936
14195
9267
7826
7534
10023
5953
9541
7280
7427
9100
6479
8935
6645
9405
5945
9576
8897
8426
9644
11439
8889
7782
10615
6869
7446
8685
9787
7472
9616
9508
5645
9445
13840
7889
10271
5174
7840
10571
6429
6934
6759
5091
6934
7573
5621
6187
7316
7614
8168
7022
5958
12212
9723
8559
11727
7956
7763
11891
8164
7362
8273
6181
11101
7780
7859
6632
9381
6090
10100
9035
6899
7333
6652
9887
6276
5159
5298
7388
6931
6253
7096
7926
9410
6413
7926
6733
10379
8993
8280
8458
8372
9680
7546
8528
8937
7841
13475
18019
8195
6628
10414
8738
6259
6686
5106
7476
8280
12073
10366
18825
16841
14278
20825
10841
11664
9250
11105
12090
9111
14722
8777
11015
11576
11328
7983
10283
8308
6307
20762
23267
24911
11206
17414
18006
17396
16511
15688
11430
11019
16147
12109
8873
14159
22040
13047
17469
13471
15907
12276
14658
13054
11396
15439
8588
15933
8871
11697
13706
6026
9402
8341
6030
6904
5827
10856
9678
10719
14460
11053
23714
17299
19303
13267
14245
15496
14104
14824
14322
7570
8468
17497
13857
16689
6271
12678
7183
14482
8149
9635
8411
16437
14674
9966
12163
9552
18345
17271
11725
11281
21582
14519
13179
15286
13957
10607
15759
11138
19136
18481
14378
12982
23301
29370
26917
23082
27373
48636
40797
34169
29762
39689
40722
28890
20776
26792
44904
38120
33071
25435
41704
16508
17046
22857
26527
30538
12111
25869
16015
22564
10402
10419
17630
8639
11341
7468
10230
9736
8067
12297
9978
21657
13591
29659
11791
17100
28353
16923
20668
16594
15181
16398
13420
11072
8577
18696
10084
7314
27966
22480
9108
29964
21962
37681
12268
27826
26311
14813
19521
25530
11005
10739
17249
16386
9555
14235
14029
8771
14604
19382
16416
18326
22179
12444
13905
27686
8322
10734
9391
7573
13098
14442
10871
14465
8870
12706
15760
10458
7183
7275
9512
15973
9635
18516
21340
27520
17056
23583
16428
26594
9904
23639
14663
21996
24356
26641
14267
23596
25979
50057
44941
21822
29177
52975
55027
64158
51113
68232
46245
28959
25253
22679
30168
28268
25489
22454
29865
17015
85272
26901
18748
35308
17608
28589
17691
22707
14495
38988
23262
24961
25845
24602
19894
25125
22380
33970
27932
28465
20116
25911
22979
10650
10727
25757
15280
8573
7756
25467
10904
17094
24069
18799
36666
42820
7251
25263
23566
12561
9717
11411
10036
20446
19450
29554
5891
14116
18081
15778
23708
24664
36979
19015
44266
30876
22823
36795
12832
10205
20010
17225
15684
14968
33753
41677
14815
12451
17491
12507
10862
10641
17947
14984
17345
23297
20875
16928
18839
15087
13068
11780
8205
38212
32691
35044
31892
31825
38147
40331
36821
38890
20773
35111
40766
38628
34550
32140
34804
33239
22160
23037
34922
22792
12734
58692
12660
12350
17775
28345
17881
14487
29803
10199
9826
17602
14213
13022
15432
19299
31237
17411
20681
16136
23947
17211
28340
17704
33135
26611
23043
18009
21725
16372
22099
12072
18863
23900
16226
12718
8788
23198
16863
14132
14666
22277
36948
21999
25724
30473
16651
18513
22741
23515
23231
33792
40321
15776
36429
20503
14037
9652
9242
27198
24529
37828
37089
36259
8078
17282
12309
16122
17197
9165
9659
13926
27416
23838
21256
26383
24556
22701
12443
10563
25185
12533
11516
31355
10660
15581
14063
11106
17223
13157
16167
9070
11072
14266
16487
11851
7056
15318
13419
11919
9312
7973
13454
10652
6733
10566
7339
8839
10732
6816
14327
15875
12401
10480
10987
14036
7226
13107
8101
12099
10740
11759
6722
5399
7504
9500
14111
11754
15158
11566
6919
9486
16629
11235
7134
5521
13434
6508
7204
14846
8468
17318
9682
11699
14357
15189
9086
10139
7407
9930
12323
10605
9966
8055
10869
14519
8308
6711
13399
16050
14892
12844
11758
5716
15599
20533
10908
9209
13214
9575
11771
7994
6905
11036
11215
8626
7877
9559
7750
14260
10409
15217
15097
12716
21191
19604
28880
24463
31229
27353
22827
22393
11828
12613
18688
10615
11834
8168
8344
16694
12793
11563
8201
8525
9307
13214
9622
6312
10918
7387
10963
7973
5310
7207
11359
9686
16638
8797
8003
14936
8475
10400
11700
10424
9274
13508
6995
10363
8286
11220
13316
8165
9916
9283
14186
16713
24185
16298
26460
19633
15973
22052
32029
25409
14178
9068
34355
19195
8967
14919
30744
10810
20206
19175
23408
16705
19393
18880
15304
16599
16767
18855
16233
19608
11047
24855
15874
13459
7836
14558
11300
25049
11681
29958
21195
21058
15180
15367
28105
15916
20288
14396
10453
12066
5755
7964
9486
8824
12696
9273
11477
7653
9962
4379
5337
6809
5612
9404
8070
9876
11446
9098
8857
7439
11551
7309
7930
5873
6590
5560
7865
8569
20713
19744
25170
12938
6971
8974
14948
17297
19580
15957
10397
14280
9505
12107
14954
12276
17278
9377
10869
6930
12023
7102
12537
22089
6432
11812
17703
12187
13661
12483
22284
16077
18227
29468
29306
35504
24551
22971
30320
20939
17067
24358
24004
19332
7577
9527
13432
19800
9563
28076
17250
10133
12448
10647
12806
6542
10643
14610
18676
21961
18327
19457
14803
13230
11153
15394
14008
26167
22904
18977
23280
18869
13156
19246
16233
13058
12056
6691
9677
7544
9034
8099
7895
7258
12163
22684
29919
27515
14059
10690
31087
14771
13624
34056
11924
16023
8392
6481
12330
16136
18822
9957
12575
11796
13451
12609
17666
10333
9644
16032
19777
15706
11371
17922
22268
17048
17244
17099
14424
12924
7751
31553
9800
17850
15581
11939
23247
17727
16133
18244
13882
12190
19139
28045
34174
21039
17015
23830
25946
19877
24366
23990
22244
20994
17362
28042
21346
33972
18690
22866
18291
22440
17084
10738
19380
9857
15619
28665
21585
9872
13580
19548
14810
12478
15441
10580
18634
13087
22867
9324
8471
10005
14482
13896
20784
25744
23171
9820
20274
24109
9356
7185
13461
11640
7536
7143
7492
5767
9225
6173
20268
7014
6679
6345
6434
7306
8560
8856
6656
11175
8856
8889
11827
9712
8456
10523
8595
6321
8241
10641
11442
8225
8264
6894
13728
9630
6979
8531
7215
7165
12661
14610
15926
11543
7698
11289
8360
16290
12852
9869
8609
7329
9997
6739
5312
6783
7074
7050
10824
7580
10197
6930
8990
7121
6154
10632
12809
6606
7590
9033
12541
15834
5693
12920
14658
11113
13725
7315
6836
9923
6965
5465
8028
13472
10364
9204
9435
10830
5940
7944
6355
8648
8764
6800
5860
8202
6524
10581
7420
8721
7324
11730
7027
8950
6566
7414
4932
9437
8722
6688
5606
5532
8818
7401
10083
7505
7550
5949
7588
9399
5872
8299
17232
9034
10058
8722
9726
7767
9318
12735
16238
14470
10399
12259
13823
8815
11476
10419
6602
21291
19033
24951
6971
9721
24376
6946
10500
8754
7860
14792
8360
8851
5790
8501
11935
7680
11655
9049
14425
12950
11335
12499
11252
8553
7631
11628
10564
10981
8129
9589
15543
10079
12198
7167
12626
12487
8540
7451
6427
8109
6384
6473
8515
15125
12977
33185
32879
49578
32010
37859
36273
44376
57205
34571
32948
78646
41310
49351
47243
8349
26654
30282
16261
15938
49494
33087
11570
16910
9203
14950
17367
11446
6967
13236
30664
12617
9587
15685
10111
13204
12115
10961
6902
9103
7924
7220
10869
10417
11558
9171
8246
8726
8517
8838
7612
10301
7099
8116
15523
12726
9897
11752
6216
8518
11974
10555
13238
11987
8997
11132
9734
11601
6748
15416
8709
16020
11505
13841
14763
11728
9595
11429
25013
21921
22636
28675
22946
32294
23376
12775
28150
12369
14552
13154
26429
14940
24783
20534
7613
12888
15639
10991
24203
16239
12125
9102
17942
19294
11937
10076
8181
6144
14620
4255
7502
9747
21571
11483
9841
7247
6096
11587
11828
8593
6710
6115
8273
8053
9347
11159
11777
14334
8727
13126
14228
9570
12239
9525
6041
15953
8786
13380
10078
10667
10302
12534
10717
8843
8815
6944
5372
6465
6285
5734
8139
7268
5931
5016
10479
4638
6988
5111
6874
6384
6755
7128
6360
8333
9942
9068
9417
7074
6807
11126
13316
7552
6536
12403
5620
12137
7050
9637
5891
6504
13260
9043
8190
7147
12512
14841
16932
10198
14690
17898
14777
9036
9833
8098
11322
9085
11039
8499
9640
6669
8025
9000
8759
8304
12565
17865
14195
25099
29432
17086
17190
20616
16674
15752
20636
30491
10000
20561
14906
18214
21818
14422
10645
9363
20693
9693
21542
19640
9332
19906
8917
10934
13224
13627
19646
14473
18432
19145
15974
10088
13763
6299
10927
13788
13540
34221
28356
25993
12118
26057
9087
35777
27480
23114
31317
27402
13454
20024
18383
17160
18946
8567
11018
24010
11296
9639
6580
9129
12940
7028
10873
8760
7112
12248
16381
7053
11345
13339
17752
19562
10066
7549
9958
5595
6390
8158
9998
14146
19783
24060
8189
13350
13492
8080
15895
11958
8285
10324
10756
8817
9419
7883
6011
8766
12649
10390
10422
12863
15022
9724
8670
10829
8038
7277
17946
9912
14689
11835
14119
18414
11707
9470
11891
8551
7107
6439
5171
7893
5956
8362
8761
7776
6181
8938
14441
5784
11411
7121
10909
8765
10508
12241
8724
10405
9437
6183
5983
6860
7349
5792
6395
7780
6047
8200
6080
5873
6469
5202
9246
6978
6601
5410
5270
8620
7964
16594
18309
19492
17152
23290
19838
9833
9785
8059
6456
7382
14835
12611
12135
15798
8791
6708
10448
8231
7762
5392
6667
11388
14111
18942
23251
11462
14293
7289
8136
14286
5270
11630
8277
10820
11916
10621
9158
10592
15369
9155
11513
11292
9716
9442
7922
6161
7935
9133
21353
14029
7945
7038
11047
9280
8338
6597
9502
13897
10395
14669
28848
16355
19971
24823
13038
14042
19630
8050
15291
9737
18406
13511
6164
8022
18363
17784
13945
13094
21227
15223
17847
7728
14002
9457
6057
9812
11142
7394
11705
9129
6614
6725
5977
7758
5861
7792
6716
5008
6558
5025
6940
5385
4452
9646
6426
8600
5362
8448
6826
9188
11378
7883
6738
12128
11432
11480
11029
13676
12383
10914
9468
14029
12114
7447
11428
11166
5661
9289
9684
6412
6339
6072
9589
10402
8844
10071
7143
8446
8624
6946
5637
9556
22041
18363
17306
18180
8178
22567
10306
7341
10341
6221
10325
17005
6566
9585
9098
7006
11301
8187
10549
10848
19759
11586
16107
18592
8082
13715
7047
17835
20928
17273
25764
21289
20645
24662
11790
11872
13214
23267
8900
9705
12474
10010
7995
13523
8543
8885
7389
14263
8470
10740
13330
7245
10792
9323
21636
6740
10754
8300
14054
6599
7982
8048
7488
8989
11679
11349
10353
9162
10857
12287
8944
10189
13323
8467
12849
13164
19276
15372
17537
21954
11134
22093
19994
13720
13863
13291
10023
6331
6087
10101
9207
19610
11754
9552
17108
15300
10527
15600
8966
8936
15584
8256
9346
6291
11621
7880
6718
7899
5976
8600
10104
7133
6026
7330
6937
7210
7671
6188
4921
9153
8624
13893
10482
16098
13126
10768
15089
25530
18802
28098
24267
7781
6752
6669
10825
11584
7530
9884
6680
10886
11250
8283
9813
9318
11189
7630
10708
6854
10607
13414
7816
11048
7387
8560
6992
9375
11338
8046
5374
7928
16753
9518
12263
8931
9879
9235
9993
17003
9519
7344
8885
14243
8132
8762
10805
8230
9217
10232
11687
9561
6570
9052
6386
8038
6392
9921
6162
7844
6361
7737
6259
12730
12193
8546
10597
8346
11303
15316
8410
5388
11596
8236
7043
5126
7438
10723
6474
8145
11235
5469
8922
12579
11726
9699
6525
9682
8172
9360
29025
24871
31758
7633
26956
23989
15500
10329
18310
21894
16907
16067
10214
7848
18035
10866
17398
11420
8074
9092
9600
8108
10266
12118
5448
8888
5657
13359
11262
8052
25882
12929
14193
11382
8671
11881
17880
16970
8905
8516
10042
16639
18856
11931
8741
21492
8216
8539
13015
8085
17456
8729
6928
6515
7875
6492
7135
11129
10192
13920
6382
8914
5344
7435
5843
7910
5550
6825
5340
7143
6402
9116
5130
7703
5355
5297
5710
7383
4834
4776
4911
8473
12874
8224
12946
7083
8329
6207
5620
6762
8781
7340
27554
10500
29502
23859
28713
27128
9518
8210
19878
17940
20057
13347
13664
12357
11764
7144
11191
16168
7115
12738
14421
9506
8762
7074
10228
8217
14255
10239
9930
9994
7434
14910
7631
11010
7731
7374
12678
11845
8049
9554
5617
9877
8712
5892
9906
9847
16478
12020
15027
16253
11110
13446
13997
9854
8441
10012
6805
12867
9874
9159
7496
8405
7234
10284
10701
6224
8670
10947
5952
10423
12315
10573
8748
11904
11386
9796
13338
12483
13803
13662
15574
8872
21082
11016
14749
10991
8508
10875
9242
6527
9042
6146
10611
9601
8523
7011
8980
7687
6886
10654
6712
10007
8874
11118
10895
18765
18247
13896
15380
9657
14248
9168
8026
8644
15960
12987
18700
8518
12449
9127
10920
15858
9370
8851
9921
13160
9428
5503
8808
9376
7933
6199
5495
9269
5444
6913
5623
6041
5080
7579
12327
8732
14660
10548
10624
11314
8626
7584
9723
6559
9267
9016
9043
6834
10979
7294
8240
7368
7374
12289
9162
8024
4622
7817
11921
6555
7356
5984
9531
10026
9030
5603
7959
5475
5990
8569
6427
7944
8746
7904
7533
5231
7034
12834
6823
9076
11141
11152
8703
9202
20050
23593
26270
26270
23692
13588
11487
27164
13636
17774
14023
16306
10863
9260
11326
11241
9829
10613
8148
6474
8330
11920
9622
11304
9505
11595
12876
7215
14751
8823
11545
5201
10357
5671
7771
7309
9695
6580
5256
6332
6452
12893
11770
7510
11987
9666
9790
7288
11721
7548
7849
8422
7279
8923
7704
7178
8813
11624
7745
6159
17353
17209
20255
11579
21477
16031
10931
8912
13028
15003
7119
6739
7741
10100
4301
7956
8261
6468
7354
8958
7272
6597
8587
10719
11519
9446
9806
9258
14889
15112
16400
16583
14455
13901
20623
6340
28424
12340
20850
16432
13014
10791
14904
15756
11440
9981
8774
10248
8506
5898
7163
9212
7244
11923
9675
10113
9300
8964
8567
7256
6865
14571
13335
8701
7830
9653
12135
10269
12867
16774
9233
11803
14520
11808
8360
7587
5625
7625
5769
8826
6249
10645
9474
12035
8899
9867
6592
8716
6808
6219
15187
7576
11401
5823
8424
6791
11719
5141
9688
7551
12908
9721
7444
6318
6316
6406
7646
8696
7521
10302
12276
8563
10012
8001
8976
7069
10587
6138
12996
15125
6608
13454
8440
9240
15766
12522
7944
7828
16471
14475
13910
22385
18281
16404
21292
9120
7300
5788
6361
7570
9459
12831
11988
11727
12563
10820
5514
7985
14101
7534
11665
9133
7030
9027
5398
7970
5773
8897
9890
8257
6957
6179
9585
8169
12104
12285
8335
6331
10820
9986
9250
7356
11793
7084
9041
13484
9384
20276
9823
14128
13886
9153
23832
13938
12756
10051
8376
14477
8292
18615
8593
17846
17839
15398
12090
10725
7963
12416
22478
10732
15091
9447
13892
10710
10122
14462
16251
13665
19822
15923
24866
10603
20620
19920
18186
28498
15930
26883
27698
16344
10749
19104
9274
12420
11274
11456
14006
19476
14194
16412
7026
9019
16829
8645
20313
11446
13424
10260
9070
8698
10440
6442
12578
13144
6759
7538
11509
13176
23921
11399
19996
17582
7977
14975
13408
8569
11116
9599
14091
8473
10854
9089
12493
11847
7278
10747
9018
6216
11794
8665
16491
8133
6228
7771
8199
8047
9486
8704
6366
8519
6344
5873
11936
10065
9246
11090
5895
10213
6376
6600
9835
12147
9182
14944
9679
7603
10261
6988
5732
19933
7780
10877
13156
7276
14282
10316
14940
8979
17475
13873
13152
25592
16765
20604
20118
17322
22445
20485
15811
10966
7830
26322
32338
33346
23387
11096
31577
38189
15568
24530
36327
17843
24368
28073
10048
8530
20064
23716
8181
12834
7393
8796
9643
8164
7657
12003
5803
5169
6365
7170
5815
9072
9159
11150
13052
11570
10097
7027
9562
9295
6289
7847
8313
11417
16507
9402
11281
11113
8196
9422
12070
10132
8658
11969
6229
8291
13518
7809
10373
8009
12715
11933
8498
10437
8697
6275
14237
5924
5562
13214
11969
8352
9318
10276
10781
9599
14760
11429
11160
9511
10941
21217
15569
11632
13840
9827
19805
12548
17041
7663
6342
11015
10881
6819
8723
11276
6901
7039
7883
10116
9070
10393
7909
10190
7364
6404
8358
15759
13180
12222
9819
10366
6619
10535
6958
16955
9619
8445
8089
7399
9606
13209
12582
7791
9858
10917
17510
7184
8481
12572
29314
32460
25095
29063
23414
27472
21200
31218
11609
21975
7714
10300
16611
10115
11471
8372
7305
11617
9644
8302
14093
10894
9985
12361
10453
6909
18235
14386
16244
10901
10458
12160
13332
30398
11992
15235
15644
11430
14555
10460
14596
13355
14275
15260
13711
14983
11530
16857
8610
15063
7246
14522
18508
7783
9493
7694
8461
8435
6948
5867
8549
11993
7052
7011
11395
12571
10475
12202
10156
12481
15654
14530
12906
21770
26384
28552
23800
21018
8827
21346
29615
20425
23703
17683
12558
19924
15571
14937
13579
17462
10084
21067
24395
23749
28250
10028
25014
24956
31385
26927
9113
16815
20220
13720
14417
15900
12213
15444
10882
15054
7328
9925
7730
13823
10859
14295
12875
23927
7355
16989
12168
14533
17597
22899
9522
21083
22700
23186
13685
15756
20910
11951
21114
15081
11687
13034
11361
14735
10906
13392
9468
17271
12164
15568
14940
9791
9707
15930
15246
14176
7886
9793
24778
14915
10728
7067
9195
8132
7139
9471
19211
11110
16296
20278
9746
13909
15772
5955
13763
7856
6474
13008
7039
7397
8569
8080
6492
7370
6286
10053
6823
8294
18541
7960
9017
10096
7211
11798
7346
5975
9916
9123
7527
10293
6330
10656
15308
10201
11579
13642
15176
17628
17884
16223
6875
20987
9456
9994
38253
28240
44514
39616
68143
14393
73327
61423
47613
15274
51297
14138
79915
34011
24034
17697
45149
103128
73005
47676
32395
28806
21867
25882
22810
29830
37943
22632
20178
28334
36682
35009
22331
21521
29425
19963
25386
26668
26795
22739
43529
15573
11891
22099
13950
17086
26188
31317
22872
37653
21660
30397
26908
23804
24889
36388
27198
11756
29934
32047
32948
26705
37043
30103
34657
21500
26641
22283
21359
36654
16201
17250
15530
45370
35573
39529
28296
20075
15893
13791
19916
15997
20248
16685
19360
13356
28630
16515
16689
13204
11627
12193
24769
25287
29767
40532
31938
11426
13146
34727
24402
29979
36709
48208
35583
24653
40121
24591
32513
36347
35972
24424
22619
32045
28922
35012
30920
28382
26880
17524
30379
16965
10590
14215
33544
22669
20085
15495
16237
22426
23914
41145
22373
18889
28822
27164
25070
33049
29272
23929
28515
21923
25403
20218
18235
24191
35247
13258
14415
27460
32550
34617
15558
17562
13094
18889
10038
12269
19732
11232
7997
15553
9800
8640
9972
20246
12614
10275
12824
9267
11363
15074
11882
19417
14359
29547
26449
25690
38377
34070
12543
29643
23930
18334
21759
20237
19025
22084
16237
22960
13219
22010
15334
23535
13828
17372
23705
33293
12090
16130
22522
21082
12714
18342
26387
30525
12761
20541
13533
18371
33825
27194
20089
14103
19087
25141
17258
16908
6385
17827
12132
13639
12937
18810
8572
14182
10019
12529
16955
11166
15258
7507
15229
7484
18187
12785
12165
6884
5067
5120
9235
5404
8691
6742
7567
6623
7098
11037
8911
5829
7899
8390
6543
8483
14153
11635
7182
12079
12370
16545
11617
8978
9908
13837
6544
8436
9055
9971
11196
17798
15055
13233
19254
15436
8044
25822
22015
12332
14931
16237
20046
17974
14805
10803
14659
18325
18714
9702
15741
9720
7409
6335
10792
10101
9165
6225
8172
7103
6378
11123
5623
5426
7536
12051
16635
15816
16606
18381
16966
24855
31869
18602
7470
27124
29201
9211
14947
8318
9491
13430
8175
19672
7944
6694
6134
7817
6453
9625
7441
6608
5882
10160
12022
12059
8957
6566
6666
6011
10295
8167
7446
12331
12174
6481
8440
10789
17198
9810
13089
10269
6188
8358
9521
17845
14006
12523
15901
19631
11756
13362
10423
22942
19259
12074
11024
7702
11027
15112
22580
9719
6357
13440
10073
11927
15880
11249
11276
13936
12503
23223
10615
20723
12424
10041
14999
11319
7667
14513
10169
7568
9073
5404
7869
7813
7695
19399
21554
19145
18635
19649
9964
14886
10785
19944
15754
9189
13275
9415
14548
13093
16704
20226
15702
22708
24240
18832
26854
30246
29050
25625
15621
20188
19190
14116
12110
19188
7557
19801
20623
16062
18676
6808
13530
22834
15920
11820
8556
17691
10738
7215
10152
7814
21497
18173
20470
14345
12855
10546
18748
34783
14487
12673
10795
14473
8392
6474
5852
14321
6307
8634
10934
8152
7712
12546
6434
6176
10673
8355
8125
10123
9241
9278
11478
7316
9228
8486
8516
15074
14074
10338
8498
6750
8098
7621
10630
6964
6779
8287
6686
9423
10363
7832
9031
5214
5969
10250
7054
7099
7564
6320
10961
6604
4738
9934
10300
11838
18025
13999
13781
12265
8656
11156
8363
10767
10986
7017
8568
17913
6381
10435
10355
8781
6986
15952
10730
7225
6180
10151
8566
9705
13885
6819
14109
10457
11163
7281
13679
10721
9480
9540
8105
16875
14681
12593
9251
8809
13199
11497
14323
15151
9883
9404
14811
11090
8129
10639
11317
11227
11213
10186
9214
10764
12343
11415
9373
19875
10348
14461
16954
13916
12652
8266
9173
12229
9887
9596
7943
9294
7963
8845
7378
9503
6397
14889
9057
10274
9244
12326
16362
10485
9538
11480
14112
16818
15283
27320
23518
22558
21650
12132
20006
18348
16792
23561
12300
16687
21447
29697
22911
22482
10857
29223
24582
20003
20465
15856
17682
13940
7598
10564
22604
22441
14907
17515
23982
12764
13727
13048
13308
12969
15364
12691
8645
15475
14475
9607
12450
9034
12943
14240
17203
19683
13694
12350
11138
24915
28637
22276
24158
30126
26778
5841
10626
11700
7209
9272
5989
9778
7864
8583
4940
9562
4963
7508
7817
8364
6930
7410
8918
6744
7002
11320
7702
6639
5517
7728
8638
12898
6193
11352
19160
12350
9629
11863
9247
10878
14009
11257
20892
19650
9745
13282
11109
10085
9887
11692
12243
9916
6548
11115
9399
9978
8368
10946
7401
11971
7070
10949
10554
6760
8776
9498
8885
6736
5680
7345
10009
7927
10277
13024
11915
11491
5868
35500
38208
19286
21046
26683
16506
36926
14773
36051
16402
30443
11728
11865
16564
13023
17578
7175
5450
9626
7127
8515
10616
19352
9571
7663
10556
9138
5490
6939
7555
6491
7612
6136
13150
8097
8245
8031
8460
8731
7056
8233
6865
10142
12179
8905
17455
11361
13674
12834
9118
8120
10447
8705
6212
8192
12865
7038
9479
11668
8218
8774
15612
20156
14566
9332
9934
20195
10162
10528
18419
11474
12448
17043
22050
15900
17804
15905
12092
19129
7440
18313
17118
33625
24624
28508
43699
42363
57620
63345
62109
63350
26180
30258
60159
50584
56651
46345
51083
65124
27361
31270
54715
26963
20246
14582
31036
32635
16120
19662
12287
12489
6583
10442
14408
10201
11528
14162
11744
7193
18887
12727
12135
10590
13578
19770
9983
9131
14353
8693
11963
8893
11157
10588
8644
13763
7881
13335
10731
14056
15965
18050
14363
9351
12491
19524
18291
20119
14382
11725
11540
17022
11906
12842
10974
6573
6199
8839
15059
6332
6557
10126
8896
7180
11342
8491
8499
8719
10773
19788
10293
26972
29583
8853
11753
24824
13142
12724
12233
15372
12162
11422
12469
10885
12878
19997
14351
15460
9719
8307
10613
8638
6960
16461
14100
7477
20647
21998
13193
18919
21026
24314
23528
36128
30045
21404
18419
20755
21599
33959
17760
12522
23389
20491
19592
13714
23150
23466
15100
18292
20526
7691
9706
14302
13859
19558
12973
7293
10411
13085
11329
14029
13217
11955
10634
11459
12753
32047
11813
16005
22462
22482
12815
15281
25279
13144
19305
21450
9550
11854
13698
9449
12811
14524
11061
11595
10203
9686
7952
11435
15204
11907
19750
10928
9976
13259
21473
5664
17097
13427
15196
5777
8351
14784
13060
13258
11400
9632
7844
7974
12363
8504
11118
10477
5808
5860
7459
10876
8241
9827
8956
7859
9175
11469
10073
8613
9332
7576
9856
8052
9180
6588
9042
10476
7488
8914
6762
8282
7197
13665
13469
12448
8163
12563
11652
7502
10590
10206
6999
6873
11150
8567
10824
7464
10612
5849
7854
10042
9854
7731
7521
7430
11914
17168
14857
12583
8687
12190
12935
11429
9415
7964
30108
6043
18995
17260
15353
41877
6600
13590
16175
33657
29495
33219
28737
14938
38639
16867
17801
15885
12257
20990
15370
27263
43992
13465
25462
13473
18817
23010
16875
14329
24462
15531
23160
11646
18407
12126
11299
13636
9887
11262
8907
9822
14198
12199
9748
6636
4907
4921
7114
8045
10357
8347
12350
8709
12626
16475
10212
10780
16587
21016
15320
19660
13196
11723
13372
18207
22601
20324
10772
15308
14314
10760
11679
10556
12053
22453
10217
17525
10791
14946
19711
12004
14247
14585
11135
15617
9817
7591
17096
13106
8822
7204
9482
4795
8595
7754
8367
12273
12069
26932
28944
24024
22067
20107
11787
34821
13688
40834
10996
21182
13564
19122
18043
17893
14073
10468
10785
6546
9559
9270
10455
21830
12244
25433
13688
30970
23465
26354
10635
39789
18988
26817
21527
17775
19005
7788
13921
21631
9354
17530
7120
7561
12663
12058
11177
15304
10772
10167
20283
13531
14115
10935
14867
10896
8776
6847
7111
5901
7966
11428
9745
7908
10574
10890
16852
8334
7406
12456
9027
7536
11224
6142
3809
7946
10354
4935
6387
16492
19065
20357
24657
43874
42734
46282
17033
34546
20183
14697
25105
21704
22594
8733
21246
8978
13847
13901
10825
13076
7222
9988
11182
4944
7147
5746
5525
7558
7652
10533
11852
11275
13326
14580
14303
10552
9750
15540
11822
7869
8768
6969
11035
12955
11087
9659
11459
13541
16847
21399
13618
12564
8840
13054
10011
5298
5662
7896
5467
10169
9047
5654
6611
7808
6377
8148
9141
4847
6846
7947
11074
5914
8358
8232
9345
9844
7613
8492
12462
10813
8482
14968
16233
17955
13199
23958
26169
28814
18807
22951
16454
15071
12997
18670
7299
8086
10093
14544
13232
10573
12962
16176
12458
9139
10897
14128
10159
6427
8600
9042
12625
9324
6802
7122
7203
6991
9457
10010
13675
8711
5484
8997
7497
7242
6802
8101
5242
13893
8994
9159
6772
9132
8375
6533
8353
6115
6368
8532
10480
5757
7616
7472
7441
5687
5654
6304
10926
6319
6487
8397
7517
7711
5378
6952
10453
9240
7701
7042
10225
6204
11645
10129
7979
22274
8950
14388
9908
12998
10707
8451
9050
7311
14203
10283
11958
10152
5763
14551
20049
9513
12706
8972
12370
23074
9063
16629
11971
11810
10053
16927
9612
9163
8067
8501
9269
8587
6575
6951
7752
8626
8442
8255
6825
5561
4795
9882
7043
6078
8367
7351
7263
12623
9700
5898
8651
4606
15583
5820
8517
9702
6893
8067
7049
7239
6072
7925
6883
8380
8274
7089
8836
6497
7882
5487
7052
5127
6868
4521
8116
9047
6173
7780
6093
12494
10602
9515
10288
10224
8369
7187
15584
7874
9574
7425
5783
7692
7392
9397
5349
6783
5620
9284
6828
8790
37962
40585
37472
33654
36038
33632
31761
38899
34802
49127
32011
37378
23834
41793
46087
29668
33395
48299
22532
28129
26145
22399
17250
19309
53997
16596
11900
15784
9685
15986
13832
24798
6830
12416
16081
8451
9404
15796
10165
9195
8611
8171
11083
5830
9199
8001
10840
9361
6335
10652
8114
7434
6708
6765
7310
6283
4648
4449
6985
5451
9783
7432
6331
8254
8394
8150
6271
4763
8944
7225
4737
6801
7021
6178
5704
5149
6861
9096
6757
5979
5393
7057
6462
10685
10061
6440
8470
12948
9266
21230
18746
15494
7779
15166
13433
10703
7965
5841
6670
7517
6750
5989
6569
4896
5386
8583
4444
6177
5530
6000
6946
4721
5619
9548
5737
5152
7762
5992
8605
4670
4891
7346
18674
19181
8171
12529
7578
11822
15544
9067
13162
7865
5513
7553
8273
8944
6448
9735
9224
7838
8222
8096
7043
5614
7819
8769
6925
7924
9073
8953
10455
9242
5475
7698
9337
14398
12425
7902
7147
9996
7283
5715
6682
8289
11339
12350
10746
10216
7782
12476
10201
6000
8164
14608
7225
6139
9069
8831
11244
7308
12364
7966
6917
8522
6178
8819
7034
8851
10595
15001
10765
11937
10880
8449
10871
6567
8540
7820
10111
6944
6069
9801
8920
8806
11272
8506
11836
7314
10024
17101
14261
9792
9232
18280
12308
20353
16684
7467
12203
9519
17971
16437
16244
13800
10895
10425
13446
8281
16265
6425
8997
12177
16147
11274
13811
21792
10216
16059
9070
10447
7510
13423
17179
11064
12425
8819
12959
12258
11479
8326
9463
12865
8503
9886
6074
7555
9076
14938
12691
20723
9161
11094
18562
12706
10658
9318
11419
19723
14951
16091
15631
18548
18399
14092
8884
15730
10305
16599
7561
7327
5534
17628
11018
9127
5911
12746
7408
11515
5813
8572
8857
5988
8088
13728
10758
11215
11053
6037
8333
5702
11189
6942
8699
8560
7506
9068
7482
7801
11864
8561
8970
7604
12316
8011
8763
6997
8718
5495
5358
6708
8782
8385
8712
6496
12650
8165
9967
8970
10442
7052
9418
5455
8236
5767
9478
4973
4478
5974
5545
11425
7389
6405
6111
8895
5550
8938
5099
5762
5811
5852
6046
6585
10618
5510
6646
8499
8872
7783
7995
5046
7107
5502
7736
5109
4993
4300
6817
8349
11370
14524
12595
11032
8356
11641
7124
12167
5634
10968
7502
10804
7534
7221
11339
19091
14209
15479
7972
6709
10860
10261
7049
6067
5547
4737
9830
5492
6888
5258
7262
6320
10435
5296
5133
7555
4710
5048
8824
5192
6953
9770
13006
15557
10862
10547
20634
13657
17235
19103
13394
11625
9598
7078
12325
9316
5901
16656
5219
10449
4518
10650
4718
6087
7008
7481
7234
6889
11265
8544
8994
7870
8151
6314
12321
11044
7561
5729
6531
9901
8297
14989
12334
7271
7023
10865
7705
14297
13164
11061
9479
8739
10499
9418
7095
4926
8967
7797
11892
23067
9669
11417
5542
14180
14642
12782
18242
9872
18467
16814
10943
9787
8426
11387
8139
7759
13499
8514
8926
6281
15382
11592
12027
8751
11015
14767
7203
8349
11572
6805
9046
13558
15949
15088
7323
11209
8827
6413
5475
11399
6275
9855
11048
6912
13032
15160
7427
11527
6062
6461
16546
9726
4479
8606
6496
4964
4994
7888
4515
5522
6465
5347
5783
7457
6313
4915
7000
6612
5912
5180
5582
6246
6494
7175
8345
5817
8247
7665
10250
9567
8453
7329
11185
7782
11196
8109
14659
12691
6208
9769
5048
7063
8484
7100
5309
7689
7509
5253
8176
5500
11676
7563
5611
9291
7482
8092
9256
10091
6679
9283
9099
8545
6398
10504
8163
8418
6114
11406
10149
7340
6377
14867
16904
5410
7466
5661
6351
6197
6055
7592
11882
11043
9070
13287
7622
8255
6271
12080
9166
9949
5430
7835
8267
7545
9562
8811
7621
11350
7210
7030
9702
6691
9383
6818
14073
12258
11837
12860
13086
7063
12275
12890
9750
12903
18529
27198
14557
24335
16047
19821
8318
12566
16808
14951
13020
9232
8262
6898
13357
9606
27978
32408
34121
8427
18749
32808
34080
18466
38430
13833
11545
11661
19218
11349
9955
6654
14420
8825
10740
9946
12641
19055
10151
11099
13260
15627
10260
6996
16640
8498
7187
7662
10591
8261
18767
16020
18682
25039
16299
22227
20067
30086
14530
10891
10130
12724
16796
6853
13759
25477
12681
11682
17815
13471
11772
13184
18303
13287
12211
15364
30448
19313
22619
7935
18308
8526
11318
8195
9020
9609
8112
7666
12958
15321
11528
14770
11072
7887
11339
8107
12901
11045
9690
13124
16501
8562
17028
7394
12609
11485
14972
11551
9860
8252
10557
14143
11428
16483
11755
16005
12362
10327
7352
9967
6378
9651
7427
12519
11260
14975
11040
6525
12464
9429
7029
10267
7397
12215
9272
8442
11494
14978
15303
15616
13990
10787
25376
20407
11139
18383
14474
16260
8572
31273
12629
9068
16524
7158
10442
7376
11643
7184
11353
15055
9940
11178
8898
13305
8740
11199
6965
8853
6106
10909
7156
9293
10462
9088
9783
10426
10750
8380
9377
8747
9910
8223
8451
8014
10498
7791
6471
10268
5774
12955
14006
10133
8491
14899
9722
11931
14163
7662
11042
15254
23341
19044
26530
28218
18554
16975
20501
12978
19034
14289
19381
10107
14133
18006
10636
14953
19086
27217
28036
9104
11349
16983
9207
24090
14289
12900
12764
16880
10503
21042
9588
9505
13542
9300
11538
16424
7170
13060
12204
9690
6751
9737
12451
6629
5471
5991
10699
8616
9225
12094
6957
6218
8682
8498
8915
11188
10706
14475
19003
16786
12340
26507
22672
14553
19498
11770
8488
23233
10231
33910
26755
19019
16704
15132
23192
24490
13764
26849
25114
20844
22738
11527
31771
18921
15083
13209
16019
15967
11621
8967
24208
21988
20318
22835
18423
18774
15100
28007
17592
9684
28826
20451
31940
11229
21970
15639
35803
24463
8409
22526
12534
13597
19420
15349
17568
21953
20749
8221
11366
10726
16543
17581
9396
11147
13184
10757
7343
11737
15140
8595
10661
7089
13026
6692
8497
13183
12119
11352
5473
9017
9516
6949
12568
8183
13504
7001
5123
17941
17446
15011
32058
28982
8911
35598
19675
20033
28827
31784
16108
18670
38757
22009
25512
18231
21291
24486
14711
10731
9258
22276
8882
11225
20688
12476
19572
8943
13412
8502
8873
9677
8110
9908
10014
7834
18185
14097
20134
16198
10846
13711
11409
17148
17316
12966
10351
14281
10960
9492
12725
8354
7005
4562
8310
4749
19679
19548
9463
10401
21543
23901
14090
16556
8560
7878
16013
13318
10316
11727
9910
12116
7067
8587
7942
4107
9302
13703
9170
11515
10062
14731
8013
10598
12682
8352
12523
8123
6302
10894
4686
17015
6818
7834
6921
6882
6707
10632
8663
7147
7236
8001
8967
7363
5995
10344
8738
12633
9101
6077
8316
6618
9415
6121
7417
5899
6974
7145
6264
7971
7212
6459
8065
11960
8954
6049
6049
5188
11673
7974
7957
8401
5257
7330
6278
10492
11469
8756
9771
10070
14120
9567
14600
17100
14260
19581
8945
9932
11710
8964
8315
18943
13062
10867
7435
10521
9431
6622
8911
6508
6699
5500
7238
6324
7986
11101
14515
19105
16512
10589
15456
10963
7161
11431
9200
10989
9975
7115
9445
5394
5722
7819
8676
8362
7082
5123
6817
6422
8271
6036
8516
6722
7393
6271
7666
6677
8884
6915
4825
5647
7576
7357
5414
5021
7639
5897
5318
8865
6742
7410
8033
7496
9440
8154
7327
8086
9197
8419
6789
6019
7462
7336
10448
7404
9344
7286
6166
7765
6044
6223
5020
6660
9284
5332
6711
6157
6676
9926
6895
4206
5755
9016
6134
5098
6551
6922
9184
10691
19869
18937
21117
7753
9135
20067
23257
9381
9730
13384
7033
12295
14021
11278
19438
10299
7653
16191
11809
8782
10172
10261
12422
12094
24277
27619
21992
26098
24543
18626
20677
18798
18745
16843
27428
17955
19791
16112
27362
26506
14971
22076
15787
22012
22088
22244
19516
16484
10938
16457
8391
11717
18582
18411
11962
12243
8690
11497
9571
16088
8215
11188
9811
8713
7152
12444
10373
8803
11776
8194
7939
9196
7984
7762
5677
6390
6527
5048
5315
5098
5238
5715
5362
7408
9024
8458
9884
9480
5886
10243
7120
14650
6088
8489
10468
12779
11877
9018
11840
11304
9210
7750
11644
9396
7098
6356
8108
6212
8076
11754
10160
10132
6344
8162
13911
10499
6981
8720
6847
6066
5581
6625
6098
17678
16502
18079
9678
23807
21862
10217
15049
8923
7609
6514
12258
14486
6482
5349
8569
7588
6536
6368
8400
7288
7501
6721
5291
6206
7906
5798
10088
11824
6288
9253
6169
9015
6856
9407
6102
5591
5844
11860
8414
14846
5372
11697
10087
7629
8822
6406
9117
9831
7879
7053
8810
6146
6936
7594
6873
8228
12261
7880
9036
14347
8733
11989
8837
7925
6723
11737
5005
10359
9213
5967
8172
6568
7434
6985
4916
8510
8377
6657
6229
9559
8728
7745
8322
13192
8489
11095
10793
7704
6128
6340
7002
5029
8212
11922
9272
7155
6912
14082
8360
13352
5983
8861
6514
8691
13129
9247
7454
5342
7618
9431
9013
7529
7388
11631
8463
10546
7030
5656
9162
7187
6977
9246
8362
6064
4525
9585
6421
7929
7548
13915
5641
11404
13915
16303
12563
10587
20848
14086
20375
18982
11282
28115
16882
13913
20075
28157
21279
14714
14828
12802
16113
22881
14133
10426
6466
16185
13783
18328
22084
19459
20316
18284
21437
8169
11887
10840
12190
14244
15628
13527
9781
19118
21957
18537
12658
6846
16245
15860
13752
10885
8585
9289
9851
14016
11927
7631
7498
10288
8872
7767
7172
13368
12282
18250
20360
10764
14875
6995
13107
16243
17757
10775
9428
7549
10800
7342
6269
10533
18043
8230
8775
7107
11601
10252
11220
6597
8755
6826
10462
7759
7807
6919
10622
6505
5141
8479
5796
7048
6300
6263
5682
5110
6963
5749
7899
6235
5335
5461
6939
8783
7652
10213
8267
14034
11650
8935
6749
10010
6623
15472
6623
10060
10812
8941
6983
5656
7671
6533
6180
4341
5905
7738
9434
6677
10988
9161
9237
13742
6986
10941
9243
11930
7917
9758
7535
8019
9487
13517
7171
8393
9486
9742
8797
17410
9548
12475
8734
13034
18454
8192
14340
11067
10774
17478
7513
9516
13839
11912
5942
10245
9981
8586
9408
7991
14342
7639
10185
8348
11743
18209
19597
11738
15859
17075
13480
6601
11576
10731
17769
24028
18511
22354
8843
23340
21602
9244
8450
9331
9109
7648
15116
9366
8029
5852
14328
8857
8887
8688
8115
8735
7664
7729
6285
7077
8210
12818
7758
20101
10635
10380
7983
10815
11679
25337
10172
18704
8723
23408
7558
26158
16387
22132
20525
13798
16633
11843
7205
9356
8541
9081
6493
10119
7168
5673
7866
8758
8792
11633
8019
9768
6539
8743
11314
8076
8397
10404
7335
10762
9184
11410
10085
9172
13014
8113
7408
11367
11074
11494
10226
16326
10086
16616
11788
11281
8348
10766
15500
12869
9115
7238
15627
11854
9116
7295
14432
10614
6219
8407
9874
8410
5208
7267
8183
9649
8048
12674
6483
9862
10779
13221
10357
7267
11472
10234
8694
9311
13836
12539
10544
14777
6821
9195
19514
18911
22907
20068
21227
22749
11293
13276
9028
8996
9331
9177
8247
8175
11198
11122
9446
11420
10572
13070
14513
10349
8636
14488
14042
9578
9229
14956
13363
7786
11774
7011
10150
18227
9872
15474
15745
28441
18285
13694
11220
12575
10390
9489
7603
14030
10758
8990
10055
9817
13448
6228
9432
12339
8386
9865
6268
7874
14099
14733
14456
12219
6927
14387
16514
10069
8219
12049
10976
7112
10584
10605
13574
9840
12986
14731
5068
14322
6571
8261
16754
11950
11250
8666
11220
10220
17943
16475
17442
15068
20086
16132
14166
12505
10576
5708
10904
12779
14471
18550
17796
14494
9242
19106
12391
18603
20424
14743
13214
10617
13593
8183
19708
13803
15833
12370
9185
14877
7197
9788
7613
7818
7933
17882
17629
23972
33147
29397
20806
20281
17088
16475
19062
11865
16056
17641
10203
22330
20477
8421
8552
7729
12929
10889
9867
8852
7349
8093
7712
5793
16270
12588
15856
19184
15420
13727
13260
13063
10681
13188
7260
6248
10875
5964
19518
14197
19694
11159
12704
9258
13727
10204
16796
14892
16152
10783
15168
12875
10249
8766
12693
9399
10603
8102
16295
21383
8223
22415
10338
8871
9677
21600
13359
9291
15564
13884
6668
12819
10852
10253
9339
8367
11106
9591
8954
8875
6540
10119
8403
9075
10319
9809
10094
8849
4622
8769
13490
6376
9903
7149
5518
10906
6734
10980
12162
8448
7572
6966
8181
7003
5485
6622
9028
8530
9001
7034
9143
7091
7697
7602
6503
8494
8703
7815
5532
8527
7786
8592
10017
8833
9877
10592
9819
6513
12811
10625
24964
21082
9188
11398
12852
13230
6860
7520
11596
9915
8315
19932
22323
17772
17661
21437
16368
19327
28157
37411
16634
32857
37284
13394
34675
15437
13705
15209
18287
9905
26199
25132
12165
18702
23662
28643
5465
43066
10064
12128
19649
17681
23936
30108
14134
10899
15706
7848
7173
9759
16160
12395
9524
9399
9710
8672
6851
9722
14820
6904
5033
8931
7125
7477
5641
6379
6032
9499
9006
8322
7108
7607
9156
8926
9608
6074
7440
5849
7858
4666
7705
7479
7465
7133
11658
6308
8952
5785
5857
8420
4426
6855
4753
15500
17912
19781
6616
12441
9600
12549
10718
11158
15446
21764
9835
12416
17883
12170
11192
17630
7661
15819
11281
9466
13204
10915
7655
10425
7339
15357
7990
7860
8839
12285
6445
8755
6864
12317
10493
11284
10497
9871
8017
5105
12297
6725
5655
7100
9335
7332
6641
5959
7086
7586
5710
8150
7144
6266
4932
8950
6503
8775
5037
7205
5490
7106
6929
9162
6605
7890
6524
10406
7614
6484
7574
5362
5128
9054
8639
7801
11069
6923
6008
7774
13401
11169
8836
12768
11567
6295
12322
11040
12200
22152
10815
8477
9510
11174
8135
10306
9817
6265
9751
8466
6737
14763
8607
8657
14230
13238
5696
11267
6581
8264
5283
7483
9886
17975
16924
16785
21020
19722
13930
7974
11970
8345
10143
8503
7227
9873
11919
10899
8843
9834
13249
8528
11543
7454
14861
9152
7360
6274
11836
8437
10547
7480
7558
13957
11487
7442
7555
8421
11140
9283
9182
10963
7850
10037
7221
9374
6977
6733
5550
8647
7783
6642
5924
4695
4395
7617
9362
8052
8460
10340
7913
10139
11494
7834
9599
12432
6587
8426
8927
10096
6900
9759
10349
10746
6432
7873
8298
6577
10101
8894
9190
16202
14377
16614
10837
10198
8694
14187
17806
10999
9010
7803
12196
6688
10630
8548
7184
9284
5822
20296
22498
21649
21068
11613
8045
9620
19230
7136
15019
21529
25707
8585
13790
20665
19240
12313
13843
12221
18894
26460
10912
10481
14505
15079
16265
12857
6152
6396
8229
7249
7816
5275
10323
8393
11906
9890
7445
10402
9495
13155
9415
10848
10446
14987
14655
9091
13346
10318
16477
12856
8828
7409
7957
6200
10738
12749
9437
10828
9575
12175
6879
6988
6955
11606
14322
5882
12100
12596
8117
6562
13683
9117
8834
7313
7520
6255
6369
6525
6168
9952
7877
8605
14353
9125
16250
20867
8533
12629
10769
14105
14152
18637
22249
13441
12131
12670
17679
18146
10946
8990
16904
14187
24529
7841
12876
7311
6692
11383
4802
6938
6205
9006
5715
6917
6771
10192
8343
6058
5951
7310
7161
6369
6494
7363
9654
7832
8381
10349
21554
20198
20498
18319
20309
19126
8924
9561
9699
10648
13327
9781
7924
12740
8249
11444
8928
9741
8094
6171
8204
10133
8684
11081
13240
21706
8055
13361
12316
13300
7151
6567
7863
6755
10586
6447
8355
6357
10666
8049
6388
10132
11186
12440
11667
12636
10518
8762
19223
13183
8976
8013
14591
20910
17402
18380
12278
28171
24647
25097
12786
10760
15705
11575
10514
13722
15440
12182
7487
14371
11499
9599
9137
7346
8588
10396
6756
8851
7698
9830
9543
7005
8529
6819
6431
7093
9633
7773
6641
5742
9405
8444
11935
10514
12569
13824
16425
14844
13371
14692
16444
28473
13159
15684
22847
11151
11962
19522
17544
17675
15957
7934
10171
9836
10180
13841
15065
5515
13092
14609
13609
11756
8117
6933
10610
11075
9578
9042
11529
13080
9441
12500
6429
9559
10459
15107
11438
13746
14011
16358
17164
11747
16885
5889
8221
18434
16719
26068
13949
9180
8539
22674
14710
9733
15533
9274
11540
14545
9545
5369
14252
11750
19579
16655
16663
15101
18107
9533
17354
20382
10797
13731
21177
17048
41798
21450
20563
33506
8918
26181
12256
25501
25910
18371
12887
14777
20373
18944
10818
14932
19179
15617
13404
11443
12055
14910
17495
10670
11720
13099
11664
14695
10563
15852
8856
6874
8892
9081
13546
7245
19703
8637
7903
11861
13999
14616
18704
14449
18548
16769
8133
6702
9589
11089
5165
7283
11097
9168
6675
9843
7267
6083
8320
7370
10063
8539
9263
6830
9488
6039
11128
13054
10409
13902
7523
9560
9409
17610
10366
7376
5622
12017
5993
15086
9470
7521
8826
6909
6528
15775
10524
7786
11509
6299
8616
6031
11289
7934
12919
11199
8460
9194
6247
8367
10946
18403
24219
14463
32534
16371
30559
12562
9339
16691
12095
18084
8141
18026
11345
11282
10693
10095
8461
13098
7934
8762
8873
7390
7197
8440
11084
7908
6622
6409
8888
7465
9728
7835
7179
10119
8405
7157
8212
6931
11353
8729
9712
15159
11378
9569
11335
7625
12021
7464
10723
5589
9929
13274
9807
11302
7563
7378
8148
8545
9741
8424
7451
6653
11218
7647
9332
7139
8919
10999
7408
8920
7390
6128
5819
7530
6404
8340
18474
24259
15970
19342
20849
22657
17910
19828
13534
15579
8966
18601
12667
7540
5758
9538
21851
13750
18723
26126
16720
10885
15238
17651
22619
21979
15416
13498
15547
10000
10553
8099
14117
10381
11972
14355
6503
12027
8458
9525
9354
10148
7649
11805
9122
8426
12485
9273
11515
10265
9450
14812
10857
9022
16269
10973
7734
9489
7794
13683
8872
6770
7223
7603
12326
8945
9745
9245
8196
12072
10137
12594
8484
7656
8428
9243
8159
7276
4748
6957
8563
8425
10715
13138
5826
12287
8126
6519
8454
6991
9029
6983
5742
7832
5936
9149
16473
18327
9484
31323
8097
15006
13413
17874
7464
14817
10326
15782
10262
8288
6513
13525
8454
9158
12406
11242
7527
9807
9736
9728
12655
10104
9880
15580
13304
9752
12841
13575
9487
8735
6918
6738
8606
12716
10960
15332
12943
9449
8360
11254
17806
11477
7055
10870
14505
10100
7841
11009
9174
8296
7047
9304
10359
11769
9536
12938
14517
11641
11676
8085
12975
5194
17627
13088
16938
11259
10923
11352
7592
10131
6183
6437
12631
8926
8638
7064
5796
10364
12826
6839
5668
10197
7917
6175
6435
7538
9995
5611
7956
8313
15052
7384
7824
7201
5416
7371
9356
7841
6257
7389
9939
12425
10456
10509
12571
7823
7934
9741
6051
7423
6664
7986
13052
9639
10645
10464
10349
8924
10867
8712
10241
9635
11090
6826
9541
7140
8888
6394
11262
10176
8137
9028
11437
11722
9084
7823
11109
6455
10498
8741
7058
10250
6673
7699
12588
10496
14916
11341
17637
14228
17204
15298
8077
8749
6897
10411
27175
23018
23958
18547
22160
26047
25275
15286
12441
32858
13434
26861
14110
12264
21594
23742
18135
15331
8499
19518
13585
12392
19698
16527
16103
19884
17453
22313
13178
8593
17024
24425
22961
35168
9558
11431
13223
24776
38828
8313
6450
12493
14609
7660
11640
6424
5940
7753
14108
9343
6505
18734
15458
7730
9532
11496
11269
13706
10505
17985
12031
14975
15291
14350
23607
17914
21319
11616
20174
18770
17142
15564
10662
15681
10498
11094
10495
13271
19726
28680
15775
11287
8396
13688
12411
14102
18808
22532
29727
17127
10172
19319
15572
12050
19032
10753
10784
21375
19548
30795
10641
28815
10884
33697
20063
21116
26743
24825
17752
32209
32133
18666
41573
51856
26256
35105
42412
37731
50041
27821
32877
24178
62963
31385
53622
27600
64659
22523
28169
27749
12706
33887
18571
24735
35972
61170
14178
31588
18547
13593
31704
17477
20657
12014
16293
31959
19938
19336
14029
22494
20397
16785
10007
21301
18244
23190
18876
22014
28074
26953
32464
12845
38620
13501
36618
37530
14945
27920
37266
33699
17429
13996
21210
17355
33244
28073
13635
25918
37618
13136
17195
17714
14986
13517
19750
17957
20297
10279
15412
14458
22266
24897
36402
21054
16773
18542
20696
19372
17924
18194
19316
11102
17743
15478
12129
14218
12852
21206
10694
21892
12654
16880
12346
11412
14361
10947
27505
7682
12784
16417
23607
23419
8116
18628
17876
16027
14051
10909
22510
15185
10632
14917
14265
14567
12414
11417
17940
11015
8246
18265
15686
12818
12885
11374
13527
16951
24168
15920
30097
22396
13957
23384
26624
17689
20444
30294
21631
27942
32764
30294
34571
10763
43366
11540
47393
14740
22341
31131
29367
21206
13813
19777
24410
28099
16341
16950
11308
22613
9385
19567
18244
15364
7346
9616
17009
9423
8477
15512
13339
11463
10396
12314
9096
11437
21141
22493
20684
18195
16550
22452
29411
16393
23550
18789
21554
14020
18336
16177
21605
30545
18629
21176
9675
15650
17790
20305
22638
14978
15713
14263
12532
12246
15006
8772
11781
6129
10237
13227
8342
11733
9194
12344
7014
14825
10938
9234
8406
10757
13502
9200
13390
9467
17514
13567
14188
8253
8833
15099
9489
6625
10993
10250
9256
14990
8229
11621
9913
8927
9976
10005
12459
10974
7303
13069
13480
9419
8295
10517
9595
7703
10052
13175
11824
10563
14002
9348
16193
9250
18142
20525
28491
24204
27909
11655
9444
13328
13990
30096
9657
8845
12719
17473
15433
19069
13820
16424
12302
11867
14467
8891
14741
11036
8674
9839
18192
13160
10805
8911
13223
12628
9158
11045
9452
13595
8846
9354
8123
9797
8781
13093
8403
5725
8391
8496
8891
8919
8440
8085
7953
12990
10169
8552
8941
8825
16434
7108
10333
9236
15931
9496
8723
12720
10454
13802
12204
18558
9477
13512
11813
9972
9018
8443
9235
7186
10048
20092
13055
20113
12453
17346
17378
18921
17473
16198
22701
7880
20586
18324
12655
13638
10893
26254
30461
12914
17198
13323
11803
10269
7863
9452
15228
7675
8445
8183
6551
9680
5784
9975
9620
10741
8947
12474
7826
6991
6772
7783
7785
9822
8436
6561
6298
9537
9792
9284
7848
8663
5588
5353
12718
5095
14298
8721
10281
8489
16462
13897
12841
10426
8263
7478
6930
7775
9000
9153
8710
7687
7167
9792
6244
4999
7752
7253
7680
13775
8473
10802
8107
12683
9704
7443
7277
5400
4822
6199
22797
21263
23992
5153
8680
10857
9659
11269
10417
8670
7197
6707
6074
6051
8130
5549
4850
7245
6670
6048
7509
9674
7802
7253
7836
11697
8136
20327
10835
6496
8750
6216
7488
6730
7359
10674
10695
22199
11124
11133
15270
13440
10700
26121
10007
20852
10829
13060
14167
8431
7472
12115
7209
10031
10074
13287
9276
7017
6191
9374
12946
10164
9378
9227
8746
6743
8088
10338
6228
9050
4959
7009
9682
6256
8508
11161
23745
9317
21573
5744
6326
23297
10437
8919
17460
7059
9027
10932
6518
9547
7913
11485
12947
7467
8242
12266
8820
10842
8865
7762
7534
7454
9832
7197
6297
5210
5193
8010
11801
11703
8333
11448
12965
9537
8476
14193
8190
9205
11059
9647
8302
8353
6688
8913
13465
10484
6578
8827
6984
6246
11476
8862
9954
11779
7384
12690
15957
12411
8968
7471
14641
8921
6574
9247
6637
10090
10820
9954
8563
7261
12302
6583
5947
14724
9351
14814
19047
10860
8680
20936
17907
17294
23774
12030
16329
28371
14854
10452
14170
12678
7875
12170
18187
15653
11910
12343
10895
6955
20077
22425
21429
11298
25851
12571
13830
11014
13575
9596
10581
9370
6898
10099
13755
7918
7780
9259
15109
7455
11517
17843
8204
10051
17840
9372
5412
9613
8103
6720
11333
17526
10605
19501
13679
12214
13642
7922
12356
24199
16243
9051
14517
18108
11871
9786
9981
11687
11223
12919
9499
11367
12188
12976
16981
14652
16470
24783
16048
28612
15092
11131
15185
9735
13839
7465
14917
8052
8299
10698
10257
8259
10861
13705
9625
9703
10319
8051
10292
13669
14070
12350
18324
10508
9353
13432
14580
11612
6725
13033
8585
14703
14441
16006
8420
20749
12120
9977
6636
8739
10745
8928
7285
5148
8222
7338
8893
11528
12542
12862
12099
6521
12653
9519
7910
11956
10350
11088
13979
10313
13679
12605
20189
12333
15739
11316
16576
11354
7596
13924
16123
8618
8104
11515
14663
11173
9394
7879
13495
6879
9313
11646
8251
6570
8640
7714
6958
11021
7253
6431
7589
10182
6971
7722
8065
6981
4165
9754
6959
7842
6681
6381
6968
6845
7068
7420
7897
11656
7032
11602
9517
7442
6804
9769
6929
9136
9427
8085
9493
5894
7340
7038
5355
11417
9367
11556
10601
11094
9301
13975
18582
19411
18495
18874
20278
10143
9516
11122
8234
10737
6922
9433
11664
6208
5857
6639
6575
5163
6968
6049
9140
11149
5883
8286
11527
6885
8723
10905
9098
7704
11192
8165
6788
8664
6494
6592
10836
8723
6858
6670
9746
6373
8913
7778
4749
7022
7527
6066
9706
7391
6848
11174
7400
9530
6903
6236
9564
14675
10389
7890
6964
6275
6239
6171
5960
6471
7515
11843
13433
10665
6675
8999
11810
6321
9701
17801
13277
10609
13340
10363
18298
14811
9038
14914
18259
10908
16252
28757
11228
9275
11872
15411
20880
8392
9314
12244
26319
19282
16029
15973
11892
16772
12901
15762
17862
14581
12570
15435
10911
12095
10399
9331
17397
12836
12477
17379
11309
18831
10787
16161
14951
9300
6239
5659
12274
14167
12546
12251
22527
16572
14100
23888
12283
14673
14265
11444
15160
14741
12626
7257
13770
25848
24516
28520
24802
18188
15505
18599
42356
38364
19284
20973
18517
7417
10552
15572
10410
15653
8274
11411
13340
7218
9506
12143
12563
10102
8645
7688
6194
10272
12089
7066
7224
8254
13872
11634
14305
10749
8904
7109
11620
13801
10657
7030
7260
13348
10488
6164
7226
7111
6902
6396
8833
10899
10508
8626
7556
4741
7298
13908
9717
9489
7644
8337
16319
16142
9180
14219
9465
12059
22368
8558
16695
11212
17160
26976
11233
17611
17839
42701
10636
46559
25725
27689
20059
18108
26196
24715
24782
13357
12985
10695
14753
13099
10429
35803
12504
8735
14360
22633
17943
13905
14674
8117
7491
10656
7813
11612
6638
7278
13097
9886
7903
7855
11733
10407
13410
20354
22283
17679
23691
22898
9000
8616
25966
9157
6455
13687
11048
9315
12929
12185
12681
17054
7951
16253
12240
10235
14544
14030
8256
11253
11108
10265
13937
9121
14095
5502
11891
14160
19160
19016
11276
15735
12620
11579
8928
10348
15426
12862
21278
12022
8675
11087
9699
7819
7407
10811
12105
7186
9044
7897
11036
8184
8732
13352
11523
10111
9920
9058
10386
14044
10521
8073
6890
10008
8371
13684
10480
7947
7739
10189
12294
5297
9099
12491
9964
8489
11606
10466
9534
7092
14975
12182
8200
15076
13359
11301
14025
9281
25541
25863
21980
27193
11628
32575
17029
17647
14200
16821
5565
10787
19209
8382
7085
13868
12502
13941
12682
15606
17658
12480
18231
19585
13907
12672
16705
11773
5358
7825
6555
8174
10557
6987
9163
6576
8938
7209
9448
5451
8006
7218
5723
6985
6423
9923
7656
8489
10318
10065
9843
14421
8707
11456
17074
15607
17820
9975
11354
11161
13919
11330
11966
13263
7450
11323
10304
12755
15480
12425
11148
9339
8833
7728
13136
7632
8676
7577
14107
10085
11235
14914
11286
13205
7914
6450
6708
5137
5372
5189
16585
10654
11895
8906
6454
6612
15010
7837
6465
8016
6082
11147
6546
13507
5390
7768
11131
6777
7911
7777
7306
8673
5511
8734
7433
7478
5859
10396
12245
10129
11038
11426
9162
7978
9273
9529
7429
9934
8616
8376
12658
13782
8760
9598
10326
7889
8644
10766
7189
13771
10835
7103
10331
11272
9586
6523
10717
6803
7489
7172
6824
6826
6790
8721
9793
13632
7786
12123
7223
12793
7526
5457
9995
6891
8160
10835
6473
8539
5247
9493
9458
5960
7778
5856
10050
7487
10743
7713
5209
8016
8037
6963
6963
10539
6378
19253
20114
19859
10608
14379
16912
11745
19560
14058
17421
19576
17735
7771
11919
16960
11667
14686
9571
8368
11586
15649
11082
12414
8193
10137
6970
9039
10436
13200
8410
12544
8846
6950
8262
8203
13522
14451
8868
11593
9374
7571
7326
17242
23767
13298
15381
13968
6940
14174
11517
13658
9506
20130
9330
7672
13611
11620
9365
11278
9931
6606
8528
11193
14167
6698
9090
6613
7478
8884
5722
9352
8079
7127
5208
10082
9633
8185
15333
8512
6508
6960
6803
8726
7572
6164
9123
7001
5684
8080
5744
9862
5280
6743
8901
8663
6956
11803
15358
13057
11261
9112
8241
12563
12576
8105
7072
7421
6605
8446
9553
19468
8788
9587
9328
17142
11900
7501
14262
10168
16484
19693
13867
12665
13266
21289
25788
11235
17099
16315
18861
11376
13397
15055
11262
15273
9816
14514
9576
16513
16375
12394
6999
9773
15262
6546
14546
7088
14990
11222
17669
21850
16797
12434
26558
33993
18796
20015
12031
15292
23557
11773
10765
8167
7126
9621
11055
13894
7412
16085
18546
17671
19514
24307
16116
15047
10573
13615
20787
25352
31609
23806
30514
21236
17442
29172
33037
13427
25622
22767
36021
13951
34766
37142
22209
8832
14832
18793
13849
20098
13499
39319
33329
28041
38997
16592
37105
39815
24598
24463
34839
14183
23563
45003
23843
35329
37562
44462
34865
19030
9850
14751
8706
14786
20730
17239
40914
20174
25098
12522
9091
28478
18039
9425
9472
30912
16221
12919
11385
9961
20920
15002
15265
17740
13213
12946
23682
16678
18577
11790
16220
13743
26388
15497
15585
12622
25212
12624
13157
13445
9848
8771
12950
7835
12217
13174
13400
6630
5972
13551
19104
22468
18259
6858
25595
8079
13186
27535
7187
12651
15815
11448
12375
7597
15564
8974
21867
9667
8626
7781
9389
6122
12283
10312
7008
8443
6009
9874
9010
8769
12503
11991
11246
9833
8917
9693
12693
10590
10571
10000
7396
10912
8173
6747
5374
9698
13411
6371
10376
10157
6135
8307
8345
7292
6089
10708
14555
10555
9068
8456
16455
14358
12686
10315
12931
6643
8218
7300
9579
6857
7799
10341
5412
8544
6680
6098
4542
8034
7173
8567
6589
10703
7190
6472
7031
13274
13073
8915
5783
8337
7342
7476
10463
7354
9726
14256
26996
30016
39914
18892
35078
24058
35676
20205
14056
24020
15634
14545
8849
16219
18781
11952
7161
14550
10030
10185
10737
11588
7233
11356
6425
5923
13357
17372
10702
8151
10275
14056
12088
13117
10578
16939
13244
9569
14691
13189
9827
8604
15770
8814
8161
16817
12622
17946
29337
20514
16109
20122
30271
32750
34392
24106
15158
15756
27534
13866
8596
20635
15161
12097
20325
18526
10722
13338
15126
18284
15241
7390
11114
9272
12958
10155
8902
7050
12180
14666
9889
7718
10230
10031
11985
6702
11153
9854
5803
24385
25519
9751
13886
11904
24201
28517
13038
26901
20651
24501
14207
10270
19776
14359
18179
12053
17008
15817
8658
11744
11745
7978
10843
20997
14850
8387
17063
15126
10841
12768
9627
8973
13506
7405
12859
12289
10290
8649
7301
12944
10432
12781
9826
6047
9329
8112
7470
10467
7448
7447
9665
8459
7355
8830
7199
6585
11514
11630
7634
6590
8821
7530
5747
7078
7187
8131
5902
8221
6661
5968
6972
5372
6085
5874
5885
10466
6690
6272
8499
6604
4971
7466
6524
8212
6846
9409
8046
11817
6589
6722
25359
10954
7247
11099
8215
15505
25863
6564
8391
12721
8637
8675
11322
8141
6920
8630
6502
8127
6994
9760
8318
5908
12824
9763
8548
6291
5562
6611
17836
11131
5714
5083
6827
8994
9389
9287
7748
11708
6532
5244
10234
4951
7472
7986
7077
5500
7111
8996
6433
5475
7407
8939
8161
6730
5314
9625
7198
11689
6293
6646
10147
8065
6453
11205
7611
12478
12567
10649
17655
10124
15641
15280
11949
7637
6790
12635
15319
8772
28989
14212
12237
11647
10100
8248
8336
6153
6125
9662
7828
7953
9790
11214
13936
8256
8173
7252
12558
5292
15766
7514
8851
12308
7015
9540
12282
8067
17528
13821
21970
14232
20189
16337
8727
10959
12270
10132
8136
12399
18079
8224
12243
11008
7110
8916
10539
7407
6170
8721
9747
6442
10221
13348
10763
9475
8437
6753
11130
9270
10695
18924
11077
10043
6872
7293
9363
13755
7358
6316
5137
6049
4895
6298
5839
7829
6849
6368
8330
8766
5945
7902
6448
8072
10833
6447
21312
25579
26416
26106
16612
15810
20928
18229
18432
23503
19834
19561
17220
20814
15788
20410
15620
22443
26230
19975
11676
17692
22411
19581
12991
16664
7002
13032
6163
12488
16365
6266
7199
8063
6985
6641
8807
5756
6577
6849
6038
6695
6238
6889
5490
7101
7445
9362
7810
7002
9877
6976
7679
5478
5400
6861
6440
7184
9355
12062
11427
9374
16811
15022
7894
10176
8688
7292
12471
8665
7613
5460
7306
9851
6151
9934
9420
12778
8438
11263
11471
9054
7598
6265
5447
9439
7458
8688
6843
10040
6422
8174
8811
6777
5253
9605
6293
5626
9879
7631
6751
9669
5701
7950
9815
14810
7478
12387
16617
9474
11637
10535
10511
6051
14527
10169
18085
14369
9242
13489
8357
14450
12782
6733
8305
28169
16139
14240
26914
30534
7173
28857
35077
19485
23851
33274
23361
30379
16287
37208
25185
27497
11817
19370
41591
42417
21933
26105
19422
11138
15129
17351
33504
40727
16264
14624
21224
19680
18955
10517
9122
7918
23922
13798
25639
17105
31927
22090
23455
23945
25336
42787
25811
25385
13299
10848
35928
9217
10636
11580
10793
9302
8094
8550
11641
8381
6742
6423
12834
10790
7473
15544
11713
31819
12635
32593
44779
24621
21370
17471
41709
21885
42180
12912
19764
27324
31586
28465
9481
15369
18216
27459
12118
18052
15459
30302
15180
14212
8870
15909
18838
9431
21276
14822
7460
15741
25375
4332
7846
14070
18474
21415
19189
15813
18559
10349
17063
15439
13623
21241
26756
25898
13534
11843
8215
11253
10664
16868
7318
6484
7773
4794
6248
5628
5863
10138
8600
6278
9353
10672
5727
10585
8049
7838
10190
12434
13739
9233
9821
9722
8732
5160
8361
11719
12208
10771
8222
7694
8030
5708
10363
5992
7231
13353
5942
9945
5931
5909
8768
4901
11494
16628
10094
18928
9881
10753
15097
8149
10332
7857
5526
7568
15426
9806
13517
12843
9987
24866
23810
26822
32481
11209
30598
42309
19031
34380
32833
11876
16631
24213
11344
20590
12631
13342
16829
9956
12145
12157
12270
9143
17249
11984
27319
19202
17585
13989
12832
7624
12001
21492
12587
9620
12567
9541
7827
11168
20037
15928
11016
10869
14473
10028
18375
20048
8450
13796
6620
14531
6309
9629
6260
10406
7308
5125
11109
7414
6172
8521
10987
12931
6150
10022
8873
9165
9656
6700
10507
8411
6867
6641
6051
6153
6706
9205
7023
9315
7212
11816
12668
11057
8783
13307
19488
7608
12094
10066
9960
8699
10942
6204
7367
7652
10596
10357
11129
7175
8833
13275
7202
10100
6959
12800
9566
8133
10826
9047
11995
5971
8828
4979
6238
6404
7265
8665
6714
8181
12558
9343
9748
10375
11000
8090
10770
9728
8425
7989
15676
13069
10306
13328
17793
9431
10155
8973
7616
6225
4374
5418
5566
7104
7960
5688
6896
9679
7351
10381
7436
9561
6960
13250
10558
14841
11389
14157
18540
15911
9608
36102
30126
24052
40477
28185
28028
32107
10675
21426
13928
25004
35708
25256
14499
12896
10832
10405
13747
20408
13290
11952
12101
14120
8191
31181
12916
14642
10956
28610
11418
19775
18125
31526
30618
14161
16114
10139
15643
13501
16287
6642
14452
11719
9485
10325
10622
7440
5814
8452
10643
8812
6648
6438
5720
5792
5965
8477
6903
6069
9687
7827
11496
8663
10240
8148
8634
11819
8163
6752
12823
5262
11821
7979
9281
8548
6662
7817
8505
7557
6992
5087
11276
5836
6647
7242
13797
10746
10061
10592
10847
8961
11702
8724
13908
10228
13427
8957
7362
11962
11953
9758
8959
8357
10796
10238
11119
9170
11696
9859
7113
9165
9429
10681
8757
7248
6694
6558
5226
8788
5312
8316
5105
6609
7600
5494
7440
6345
6956
6580
8228
7173
5264
5792
7911
7098
4958
8237
8461
9538
7935
7814
8825
7648
6369
7484
6643
5140
9006
6217
8501
5525
8303
7433
5570
5864
8609
6919
10499
8670
6273
8693
5917
7059
10099
5906
8197
6466
6610
5718
6819
5489
7002
5364
5433
5652
7605
6419
8618
8723
20484
19720
19793
22045
12818
22417
12393
28592
15919
21535
11353
17483
21559
21808
11988
14215
18034
20127
14713
30693
18423
15807
18239
14302
14675
21477
16260
13884
19575
22362
12932
17561
17727
10369
8802
13587
12100
7885
10377
12417
12534
12493
16463
17889
11635
9623
14035
15206
12026
8744
14357
14135
11007
10762
9558
12201
8980
7685
13581
7949
14155
10545
6393
13390
10135
6592
9493
8424
10466
15853
11374
10571
10285
6868
13207
10039
10638
6770
5925
9643
9870
6654
10742
7046
8411
21835
18022
28724
23653
18183
29570
30284
14308
35988
27967
48044
58291
52240
71576
44064
48319
65150
53367
40911
27850
18701
40756
54175
51546
54569
25234
37689
20820
40386
30170
47714
33953
35384
31859
26533
21013
35849
30602
50147
27086
49076
24270
35049
62356
25396
21009
39461
37579
35612
54800
31637
17751
39717
28320
16332
25259
23206
15673
24030
11723
14895
15290
11914
13133
8997
29875
11932
10303
8762
8235
11477
10192
8096
9969
11545
8644
9553
7876
6524
8724
13778
11949
11758
21771
12364
7320
15743
17248
14199
8259
10602
14800
7502
7455
6120
6644
10702
10334
9873
13893
8831
7384
13819
14407
6207
13334
10022
6516
12687
11814
11756
16938
12097
15790
6962
8644
9095
8311
5805
9167
5495
12212
9078
8601
16745
19662
17847
16009
13259
10258
6991
12031
13424
7432
11210
15515
10283
12205
22878
12796
12242
14440
10637
9984
12008
7704
8358
6507
10485
12768
10737
9407
6661
11604
16747
7749
12796
11743
11581
13498
14283
20784
12722
19427
15491
9382
22351
12484
9905
18403
9762
13839
12310
8909
15561
11161
10494
8954
9666
9311
7468
13674
6399
8375
10407
10505
8109
12750
6908
7259
13541
9738
12707
8540
12395
9274
9516
12734
14612
9417
17546
6809
8746
7703
9676
10346
16326
6840
9838
5880
6858
7168
7786
9837
12208
11915
12469
13293
13736
13104
18966
17011
11005
9079
12871
7209
11717
14504
4731
13522
7040
8629
25648
17069
19896
10426
13569
21335
18963
12648
17153
15857
18163
11741
10953
11906
13564
18119
9384
13972
12279
23196
11292
10328
18388
10704
14611
13440
10516
16775
14535
10791
15189
9283
17167
13348
9551
11619
6038
9213
9223
6069
7010
12313
9721
10609
7108
5940
8185
9806
5610
7436
8975
11262
9863
6703
8401
6344
5666
9512
17796
16444
11002
9825
22102
11816
24587
9581
8117
12667
14908
10284
8724
5415
9885
11535
7966
12376
10485
13232
9166
12005
7576
7176
8520
7611
8055
10607
6883
10395
8599
5673
7882
16850
11038
8344
7769
5331
8943
8377
8714
7350
5854
8295
7410
6825
6401
11238
7455
10158
11875
9115
8172
12507
7154
10264
9020
6662
5184
6514
4778
7580
5935
5887
8060
7533
7875
7318
8639
7773
5878
7981
5654
9214
5952
6289
7900
6840
6064
9525
5732
7396
8002
4985
7038
10194
8417
13226
10882
9516
8342
9926
6627
6589
4438
6545
5491
10229
6655
6169
5831
7678
6726
9367
6187
8707
7766
6039
5279
7834
6107
14478
5766
8542
6994
5079
8783
4605
6476
8489
4753
4835
5142
9973
7685
5724
7744
8166
9644
13637
6260
8808
13118
7545
6687
10195
13738
8266
7594
8597
5606
12426
8332
5511
7343
9499
4636
6776
8518
7009
7200
5807
10034
6010
7205
7981
10670
8042
10874
8477
9105
17353
13435
10133
8051
9943
13385
13244
8089
17810
13947
10372
9216
15137
11703
18751
10662
11708
16855
18268
10322
7271
13628
7819
9087
20041
17795
25903
8723
34593
31472
23415
20331
26271
24241
25554
16706
23470
20826
20293
26469
17051
15355
12608
11959
17799
9997
14468
7776
7588
16588
8359
7261
9437
9437
8589
13330
11324
10548
10120
7575
9788
12357
10989
20829
14433
14117
20405
17230
23488
12906
26842
13823
27975
33027
19563
14203
15694
30136
25693
14815
15649
18673
11871
11270
7527
15819
14931
10998
11576
6685
5345
9375
18216
17187
14847
18248
15940
22428
12558
16774
12581
16287
12550
26745
21732
18432
24735
15071
19246
30278
14667
27032
22144
14648
21061
20943
20028
47390
36344
25689
38547
29765
31978
47102
28360
23454
21025
111360
49381
31415
45314
54165
56161
19305
51738
37120
48749
43568
66287
43937
19208
28942
96470
21548
40597
48507
26405
21873
32560
54362
26348
22535
31247
20911
29400
35012
65125
28470
38524
29075
26751
18311
14397
56634
27856
61431
50724
63460
56996
62595
44606
62777
47508
69431
34826
74060
56241
39011
34273
34501
55311
28956
37692
45977
38951
24143
42503
27916
58670
76574
38223
50499
62426
41517
54165
24232
37972
30503
43346
52732
31875
36166
44101
40929
27017
59025
45148
25758
52078
30812
25563
28450
21318
19853
70576
24398
25330
25463
34771
31727
23662
41796
49611
46758
26109
31381
19595
19037
23175
19277
39312
33592
27268
66530
25683
25204
17931
27357
24982
29690
16293
18084
28665
41716
81432
35472
61609
87758
29791
22588
56953
75735
49826
31727
31817
23395
25489
34578
39632
29546
28761
45805
41456
28285
13939
22191
37729
30049
39774
46170
28382
30002
28608
78906
66622
35190
34576
30513
28677
32628
40835
36343
110899
41749
50456
33326
45707
54187
79717
45614
33371
48753
56265
37611
72650
62601
60587
44593
34077
50362
46751
86131
78833
36844
86014
63432
58281
23317
58662
25835
33984
20213
36080
14180
31688
21059
13036
52265
24172
35652
32173
53138
29039
63927
85219
53433
25176
35017
68656
40111
27363
29427
88633
45070
29921
51575
72726
42721
44446
25751
27310
19586
27820
22170
31582
29828
43555
23903
45764
39206
67894
99460
55322
22221
42552
48214
39138
40818
44561
58329
64463
86578
48766
39449
55506
38551
39015
67695
29727
41225
55557
41373
60760
64213
39602
13599
39512
53927
32380
13108
18543
34978
44346
77226
42364
17668
17133
31290
21982
41524
32779
48884
8658
39339
12466
33200
18140
8826
18275
20144
20615
6746
10688
11750
14073
6617
9975
12474
13544
7077
9165
8152
6037
8740
14117
6275
10622
8787
11143
6923
9836
10512
5475
10767
19322
15399
7968
12097
14546
11802
18523
16373
13119
9060
12512
20944
16237
18454
11910
9857
8772
7656
13475
9928
11896
13112
15428
10023
9590
12606
16571
15808
12598
9965
11172
10120
11784
7813
14169
6436
19931
12536
13633
11050
8655
9932
6758
9064
10871
8467
12472
11560
15195
12936
14285
6795
8771
8148
6717
6119
8485
6813
6368
6754
6702
10542
9668
7627
7463
9387
7898
11624
6006
9887
12823
7612
14226
17363
13724
8059
9933
11931
8512
8049
7935
7081
9606
8254
9358
6246
9688
6443
10695
8919
9740
8149
8132
7700
9672
6860
9242
7715
9412
12338
7672
9922
8267
12319
7573
11076
8107
7460
11325
9002
12216
6794
9763
7569
13517
10331
12100
8547
9506
14939
8754
17328
20736
26642
13929
11735
25064
29537
25351
13071
15531
8367
7012
7206
15394
10084
11109
16925
10947
12666
9354
8661
13726
6785
10565
9085
13134
6191
10782
8344
6565
6141
10569
6617
8715
14514
10818
16353
9454
17924
16065
15212
13178
8609
10559
18733
12265
11870
10017
8026
14641
11621
10249
19163
22743
20343
16978
19689
8174
9148
14455
15858
12791
13561
18351
10266
8879
12912
15917
13916
12443
26926
30451
28563
62607
54201
41750
42713
39046
47105
62327
47938
40288
61918
35422
35447
49641
48657
41621
75215
80336
44199
56763
60545
70358
71549
44469
24704
76918
85425
65801
61394
78171
25394
91701
58089
32510
95171
30650
83008
90798
91590
96900
57002
75672
107749
116512
108755
114520
125475
40736
111595
87827
69784
83635
93045
77723
92217
104443
113107
72591
64719
59920
46685
82534
76219
76049
49446
60171
34503
56201
87216
59979
39015
42436
46737
28389
30433
99614
93197
109938
98694
149029
84850
110742
125296
125206
86897
52876
76462
65326
63241
112343
86309
67172
62656
76613
90379
58146
78469
60253
63914
78041
93240
75331
53026
90141
108913
86577
82865
58537
81172
30884
76065
71919
80669
185095
99822
16300
17894
34390
18896
19466
13406
85836
62103
51412
62329
51701
60978
59017
64052
16138
58263
18249
28551
22623
60532
31655
34026
28139
14280
32083
60083
26237
11762
33800
16190
19019
27011
27526
42044
17456
26229
13947
16700
31950
26111
22303
20470
18574
14130
10238
10563
19387
15005
14594
9685
6530
10936
6442
9262
9226
10929
6623
11064
13091
8928
7163
9323
6255
10530
9605
5851
10471
10695
7862
6929
7578
9600
4121
10660
6931
11686
10818
6847
9294
5620
6938
5841
7625
7750
8593
7017
7683
8436
7306
10530
5684
8612
6273
8833
7554
9965
7408
6487
9141
5533
8461
9990
8219
13753
10299
15125
11316
13604
9792
7980
11391
5577
9555
13878
32827
10800
17917
14089
15827
13669
12148
16923
26442
19395
26619
39220
25006
30327
33008
17239
15556
13479
11272
8059
23850
6445
14500
18404
14388
10927
14026
9050
10248
10462
6858
14407
13499
9118
8107
13961
10719
9525
9156
9616
7094
10127
10541
7294
10014
7688
17451
13185
11679
12934
11063
11868
5801
10628
8208
8147
6492
10096
10237
10089
10128
7289
9644
9422
7819
12351
5450
8454
7716
8228
10084
8563
11510
7517
8788
14066
10484
8777
6500
9150
8736
8933
10067
9539
11061
6231
10491
9995
5969
9515
7377
9620
9273
6933
10997
13185
7523
8003
6826
10728
9152
7273
5776
8032
7120
10242
7459
12919
6765
6066
8960
6677
8848
11089
7468
8406
6341
16893
7649
9823
12771
11606
7075
15281
37395
30030
18547
20857
30036
25871
23119
35824
42041
33699
17807
13977
20310
17279
24868
15135
13232
15077
29445
20166
14752
42714
36388
19662
17496
15017
27052
18251
23983
53379
25689
35814
34079
49472
32943
31402
57153
33472
44459
31973
40522
38913
29017
30179
44457
41557
25532
70411
34835
41814
36944
31134
52435
56338
45445
53436
30094
40576
40759
64933
89074
87728
83152
101501
88963
59705
55925
59378
71925
54782
88890
78309
43775
86162
111098
127935
83552
49970
50744
52142
84392
56187
62252
66918
52024
105234
59622
61376
122467
116997
73288
116866
22234
43793
18806
34706
23136
13243
26185
27690
37160
32096
56437
26753
63269
92803
107027
179037
29414
78553
56408
76796
128271
97220
135387
52135
118382
101666
97925
90434
97682
28912
92517
78714
105827
115011
69413
83527
111826
36260
41582
137258
74349
56273
94193
87244
65916
41490
52482
49478
63725
146822
68866
64401
52352
47454
87818
93422
42981
70763
133950
87243
168781
83113
99368
114371
63986
186860
132731
72968
83329
119978
93396
142388
225605
148973
89791
161533
137630
127539
126307
135115
116981
159684
152970
132418
110817
107648
121578
154870
184112
105346
38470
105936
20862
120486
65598
33012
33430
28858
51251
66797
11897
12546
26384
16318
30769
22552
45290
12836
52554
30203
21404
12631
17672
58778
19632
15554
13672
32028
33248
24963
33760
28417
15869
26020
24315
44395
47273
27384
33971
12309
46703
13285
17165
15243
43882
70876
43582
11211
21860
20164
17475
31349
16721
24185
25758
16619
28629
20277
22039
14836
13888
8176
10072
31237
24999
16026
26147
20884
20707
23602
20880
14068
19184
26874
31677
30095
18926
23880
17705
25264
16823
13759
48517
11174
21325
31221
37261
20998
22095
15343
34122
17870
30871
21581
30940
27237
25194
27081
24449
41287
17523
17780
9519
10756
34560
18720
22269
21205
17923
19034
22449
37455
40142
46813
19968
17393
19693
35138
32564
16476
19571
24917
23065
32772
13332
30960
37694
29611
25193
31040
12077
22094
17246
19123
23836
53613
17911
11435
21052
19903
23205
35981
53704
34197
14422
40938
27422
29523
24044
51629
49276
14140
21442
17820
26363
34779
31057
43317
21782
44789
15282
22807
23889
14632
14065
18646
13230
23002
8432
9033
17870
22677
20564
8800
24559
19287
13480
21180
13877
20731
20262
15544
25083
50389
47047
15581
57076
64606
61984
16081
64782
65432
26176
29492
27996
21862
26278
38364
29346
22086
40155
16671
28776
12583
29951
30778
15260
17784
36110
19088
11106
17079
21476
17444
15859
10281
8148
26485
11900
16757
10565
14641
8364
14284
12043
6228
7270
6399
6787
6664
14589
12509
13490
10243
10163
15018
9713
10076
11044
13085
10415
13681
8961
9474
12989
11589
12427
11340
9731
9880
7910
6936
12264
18790
9055
11463
6625
9629
8651
6926
7998
7260
12761
9636
6417
9129
15725
11726
14345
17341
21840
24109
12696
25816
19791
6218
14005
12416
8253
12606
8177
8360
8021
14960
8321
13531
9350
9939
8080
14081
11908
10890
10272
21421
9362
14934
18936
28117
14389
22746
20913
24078
11165
21569
20588
6418
10191
12608
18894
7642
9560
15763
10974
10212
21202
23334
19121
15908
14124
15155
16580
9823
13721
19855
13356
9570
18519
7480
11315
13559
17378
10679
9629
12322
10428
16935
14456
11642
12663
10209
20107
5431
11123
7413
11021
8758
14412
9276
6597
5385
6458
8727
10903
15325
17192
23689
14138
10305
19902
21410
15844
12565
10209
23155
13322
15618
21667
18410
16851
11952
10262
13995
25906
12844
15424
11610
24044
12504
28615
26730
13266
19390
22248
27761
9026
11141
10955
19253
15160
17734
10668
8443
14910
24644
13268
17853
14210
10244
9976
15891
16230
14530
10031
13907
16536
14746
9543
15864
14569
11652
22222
16807
20945
11216
21413
20278
12868
20919
14992
18190
26212
14939
17808
28558
23455
17669
20877
27023
22697
35211
27465
19213
33784
25526
15156
24623
17109
16544
14013
21907
30097
45809
23969
45402
42760
53694
24142
40023
30375
25115
48848
42742
36301
38355
40880
38554
17275
55328
20724
11602
30164
11922
33031
37123
44298
28452
36368
26805
41128
28433
12110
30133
30827
40921
36751
34698
13164
16367
13260
11660
23004
43038
11049
22893
19866
18190
30123
22444
13977
25317
15180
11022
30243
29401
17365
19916
19827
10602
19415
27220
19268
17152
21810
20264
18077
26384
23456
27480
20882
31518
20951
35325
18387
16890
27585
10758
17965
25089
18053
16550
15441
15501
13675
9304
18951
16918
14536
14247
27863
23467
20401
18885
20222
23660
30327
11049
17123
8809
18196
19055
25353
13939
22632
20958
28318
31170
16331
26149
14679
28343
32756
23315
29722
48691
28709
24344
20762
25263
19623
68058
64440
60581
44696
45066
35149
37244
40954
25485
51593
46126
33976
21662
18385
60690
20162
12168
14560
33494
32138
18371
35767
31248
24569
25967
13860
22725
20687
25150
27661
24751
29600
28923
34062
35148
46516
74336
50409
50127
49206
39019
36080
41716
48918
48992
44058
29822
28856
20876
25111
32373
34850
35046
52046
36645
45965
44118
22568
38282
39045
47012
40206
45628
27201
31356
41345
33090
19125
20517
29077
35639
53893
58369
74375
73320
60959
63902
54555
59585
72196
77032
36727
55170
91976
24090
27074
25433
73040
70436
24464
38428
99502
95863
69047
113575
47463
62449
61351
94625
73145
111649
118884
103016
117919
51493
87854
103026
173996
120169
189295
142188
107088
149525
79977
113465
125066
94604
128122
98235
108122
51121
171924
108073
117080
78890
143397
65181
133905
131621
159190
35891
33629
75603
19530
242673
45618
42481
101596
55993
61353
111373
86256
60917
112306
71781
122956
66522
73525
84228
99907
113752
174911
87592
123509
78350
162664
99180
97377
61658
61785
50720
20122
32093
105318
88437
52584
38107
53569
43901
51183
74603
49318
63776
94587
103635
94482
76175
68965
113747
54599
103618
51602
49773
66500
75395
38085
38058
53718
47993
14517
25342
26170
26931
24024
19145
32491
43216
21197
49334
34883
46073
32411
30857
36893
18682
25356
24948
23835
39921
13752
14936
12124
25865
13996
8804
13170
7486
36683
9768
9382
12896
27434
12196
11342
8699
15086
9739
11060
9277
7251
17436
11905
9428
7424
6422
7325
7045
8539
7070
9194
4958
8373
5181
7844
7074
5378
6339
21747
13870
11394
17821
17039
18119
13355
12916
10908
12371
10892
15572
10060
15735
12467
8608
9869
11820
6907
16208
9770
14419
8646
12042
6672
7455
6993
8589
8221
8774
10904
9882
15527
5694
11092
7617
9664
9228
6678
8808
24310
11843
8451
7700
5586
12545
8252
5168
7104
11312
7922
13012
6698
10100
14609
18152
13559
7696
9322
12140
11755
10105
9298
9991
11812
9841
13181
7317
11096
8422
8269
7141
6097
8463
10827
10192
9116
6556
6367
9292
6901
10381
6708
9688
5058
6195
7357
5900
5554
5582
5217
6689
5128
7043
5012
5938
5172
8720
7412
9311
8441
11653
8270
10155
7615
10315
9895
7025
12297
7644
6366
6991
4827
6985
5032
8693
6856
6399
10900
4720
6712
7186
10960
10743
13637
13082
9138
19564
11390
17330
15194
13566
5869
7535
17265
19526
6935
7728
7493
10808
8684
6666
8706
14781
8884
8175
7103
6522
5948
5471
8487
7463
5609
10154
7311
6267
7535
4465
6763
7384
5513
7774
7400
8871
7368
7741
11041
11901
16234
18137
7265
34700
10518
12707
15546
17582
7999
13321
14018
16603
27136
21311
16306
19154
15644
13038
17555
21101
10414
14881
20224
18137
14414
8399
11748
10930
20543
5720
10202
13826
18147
24079
16698
5220
7659
12356
21149
16599
16371
9184
6483
12515
9240
5555
8161
10734
6319
5859
5175
6536
8928
6607
5941
6463
5855
7984
7656
5808
5326
6525
9219
7401
7755
5641
4522
7498
6676
5567
8857
8065
7145
6253
7131
8076
5792
7895
5406
7008
6717
8170
14294
10921
7452
9240
9049
8351
7828
7922
9821
6354
8261
7696
6416
8772
5399
7147
7637
6583
7459
10071
7240
7070
5947
6827
12427
8914
11943
7232
8347
14854
7439
13816
5591
10422
15919
8507
14775
10870
11404
9176
7755
9732
9930
7794
7972
6275
7477
8061
10196
10030
8662
6598
10809
10279
8248
6620
4390
3930
4282
7666
12110
10192
9654
10443
8590
17407
6628
10849
8703
17274
5709
23395
7045
8905
5660
6598
4874
6105
4839
7368
7323
6586
7272
8498
8109
7292
9391
8507
7029
12674
6785
5786
10359
9264
8307
13396
12346
8199
8173
6379
16326
17946
19787
11579
17644
32370
16309
32898
26964
28534
18547
31371
19035
20737
10761
9187
10996
5509
7958
13475
7356
9473
8438
7093
7846
11311
9403
7468
12597
10179
9594
10311
6861
10598
10065
7894
14076
15396
12839
11741
10215
13919
9847
8186
6465
11910
12215
9847
8118
10429
7396
10407
10969
6995
6297
10289
20805
6706
16756
9606
16180
8403
22365
14134
17289
10958
22567
25733
28018
22242
24971
25729
20585
71651
57691
59405
66920
66124
22597
51020
51264
46102
22859
62218
82708
81677
88170
73692
44930
69390
46935
43581
71360
46488
70414
18158
45559
73657
69686
21624
17913
11442
39353
63620
57017
34308
88329
98731
31959
23192
23407
47010
26636
33838
27569
22329
35610
26869
21322
21260
30379
12186
14353
9158
30599
17024
18197
36436
47393
37237
66986
55921
36833
34727
54823
40178
13415
46341
60327
90599
37039
39852
33748
30904
26213
36507
42699
34268
38755
16965
33032
20491
29643
13793
24930
38202
27134
15146
23361
21536
19241
51629
50147
22575
30186
44113
37044
14595
47693
22573
19782
23106
24593
11961
12164
25898
14331
19531
14628
25787
22037
40105
28060
16632
15561
33730
54001
57730
48017
52706
42757
31743
57461
42419
29804
42261
46637
45530
32810
68998
87726
75939
22708
57008
34759
70623
11587
14447
25116
14072
68574
42792
45301
20920
33202
49395
20552
10936
12438
19906
20456
45762
48862
21048
70408
46614
24927
43615
32878
38190
35458
44749
23592
16201
78033
27688
31248
17379
33257
26298
48615
43333
45172
22653
33381
33870
35659
54040
44131
54194
46301
40693
30905
50909
53079
32695
32061
58964
32543
40147
29656
32791
29357
30508
17590
23525
35423
25595
24999
28588
20126
49088
34891
31942
92711
33973
44663
31742
42959
39166
49261
58052
24669
26122
31130
21323
66801
37384
22787
27272
30824
63588
48687
43529
28214
59814
26883
80431
21248
49896
25942
40049
59589
24393
30290
27939
45869
46146
64098
32972
34752
41160
37197
50587
48896
19825
25957
42028
29028
24796
15906
35276
23390
30527
20124
23249
35305
24570
40857
25234
39172
29251
19933
17754
67764
54604
53057
47269
32551
45612
71937
39202
63855
45013
51769
56458
51428
34405
33965
31613
67350
47913
58294
65419
55745
35231
37158
33147
47322
63713
29776
67833
66008
21138
41479
56079
41427
39971
47489
33740
32990
35842
22074
42303
24950
30007
43664
60448
39568
36879
48145
30320
37162
28943
34873
38077
32937
58249
51315
54617
58763
27252
53604
47150
29631
33997
55609
47439
23468
27195
33541
47706
28456
46368
27680
45491
21116
37045
34002
49830
25448
25465
61161
29893
44087
61232
58594
59126
48901
40670
29238
35697
33495
29133
76970
24744
24339
38501
69022
57352
23128
28090
30214
47724
44744
17483
16129
22158
30076
37742
53619
48654
54569
74743
15656
76699
66142
23340
25576
31614
13710
58197
32297
31725
35741
32900
46442
29989
11986
51943
69947
30960
64075
22334
48518
31213
18614
25412
21030
28218
17038
31531
15552
22054
14264
20298
11110
12671
18650
16966
11388
9888
15848
11982
13500
14624
12958
9358
9528
12047
10246
13675
9050
9935
15021
7231
25500
13424
19656
17671
20066
9935
20694
10614
8023
17544
24175
22634
16017
17552
23359
16542
14571
16635
15011
27280
21000
25581
12455
20722
17274
21792
14744
18557
10211
20100
14841
22267
12804
20899
13509
23914
10265
12844
12288
16990
19552
21549
25133
8055
15783
8392
8868
7309
9670
8076
13433
8752
15057
16478
10532
12423
5005
5378
20534
24695
20872
26601
15897
14446
28954
45812
27921
25116
19248
22734
21971
8095
24668
10376
8875
22266
13425
13156
12080
7505
13703
10056
16473
7987
6832
8786
9012
9612
6305
8065
10605
8789
6664
6019
8706
8742
11043
5600
9779
8823
13119
7775
6442
6758
7426
10380
10092
6705
11370
7177
6074
8910
10206
9824
16921
17854
8913
18673
15695
21979
18113
12094
12783
11437
12570
10477
8868
8184
10330
19620
12716
5365
11659
10002
17115
14395
8342
24272
31374
10127
20708
23714
16904
20776
39389
16052
20089
17635
7986
18783
28090
24437
22477
31373
15958
31921
9318
20265
18669
18952
8714
9996
8752
18906
9225
13680
21119
13914
7330
15208
6777
13102
18088
15595
17661
22004
15145
25030
26259
29854
29200
21121
19012
36026
25551
19951
13870
10492
23592
19716
15635
15323
13026
16973
14799
11212
10601
15894
17170
13179
21147
15687
37404
20721
24949
25501
33102
20843
49386
18273
41238
24126
25609
20546
39568
15877
41870
19059
24803
13145
21917
15378
32123
38666
28622
36271
33610
30485
45160
18339
11883
24670
14849
22346
31189
44256
41394
20560
18670
30111
18186
15504
14778
28053
14604
9982
11245
18345
11842
21886
15730
18808
15626
12418
14480
11055
10608
12292
6271
10451
10188
7348
9621
6300
8982
14216
10493
6685
10721
7952
6108
9076
9427
9275
9681
9321
6822
8869
8708
7177
11065
8054
5990
10764
5857
7765
7320
5272
6837
6240
9262
7952
5459
12118
10037
12138
5332
5334
15670
6740
8921
19469
15798
11571
10220
8570
6655
7566
6104
9187
6566
6207
6433
10431
12636
14114
8379
6198
18518
17066
22390
19864
1083724
11682
12001
9572
8324
12777
8860
8574
12637
8313
6645
6942
5196
8642
6650
8720
7784
6041
9593
6720
8635
8937
10765
9243
7430
7000
5925
8073
7426
6764
6617
7974
11165
7031
8820
6982
8946
7220
7196
5715
6987
7209
9651
10515
8850
14745
15605
16391
6688
15717
6299
12573
18774
15271
13369
15582
9888
23296
10051
15916
13698
12280
18430
22384
11639
6783
8366
10103
8381
7049
8593
12558
10893
9894
14274
8265
10547
12160
13999
11208
8007
7070
7291
13800
18663
21768
27078
10185
20814
11995
24130
10769
10135
14147
8465
8594
13754
11079
9436
10461
18058
13939
10716
12500
8811
7521
14392
13760
9974
11650
9451
12226
14570
7480
7357
12414
11077
10576
7317
12809
11948
7833
10921
14112
10139
8943
7839
13513
12294
6399
8555
9170
6919
9526
5932
8680
6052
6313
9534
12362
8632
16972
15078
12659
8109
14195
7664
13752
9301
15180
18958
17364
26664
13514
12270
10462
18771
27635
13418
19032
10261
9319
6732
14036
16207
7637
15176
12667
13858
10157
16369
16862
30385
30810
34442
38371
37589
23569
20852
23235
25038
19479
22589
22270
14382
16626
17482
21007
26745
13355
23878
22825
25754
28243
21049
15474
30736
10654
6223
14313
17715
10226
40845
30249
32491
29021
24926
36187
22476
8557
30769
16233
35430
23748
34937
32146
25049
38643
17104
24417
26873
22767
15890
17726
23437
9307
22014
16464
25089
20484
10633
26659
16617
22130
28860
13274
12666
23786
19251
13415
18992
19350
29619
20486
13714
30009
16793
30749
26079
22378
34272
21567
32352
24364
26223
24051
24243
19870
22357
16841
26238
47758
71089
27503
23386
27240
23990
32757
31332
16147
15553
14836
38393
27648
44290
50897
29289
77330
56089
77131
65475
39147
41481
34275
20196
49974
73706
40449
46132
42736
59336
37401
41123
84669
34238
23379
29772
58272
13253
23303
49894
51910
27999
54752
37333
31434
26905
35451
29404
33189
23059
38317
38645
39389
28908
45322
27715
27001
25056
26997
50906
34760
39225
65750
63026
57067
64142
73166
42955
59330
65956
68587
60498
55144
41114
34901
26835
26306
32557
29827
40182
48888
47205
56821
110276
65791
73528
76579
37056
78191
57231
44739
43580
45323
68042
35961
44270
56311
32272
66318
43085
36733
42592
20812
34338
17880
65784
45572
22670
35807
26212
40157
25465
27504
45473
29280
28117
29821
21182
30709
57467
27399
23010
21479
30216
33686
14499
18290
15885
22010
16379
12854
29054
23542
34777
44757
31980
75672
61636
40940
42666
37831
37406
30298
32485
28318
38651
30072
27350
30838
18222
24533
47169
26016
18494
26667
46336
40751
37515
42194
42245
44271
28651
44770
66776
24313
44826
26640
49527
71496
35706
62916
31832
34493
74308
28171
89712
20096
16999
54879
45808
41543
45267
33479
52144
81100
38738
51655
23093
13031
32090
11443
16967
17313
12900
11810
21563
7702
6479
11316
14675
7404
10010
7394
11309
14178
10427
9691
15443
7537
11731
15313
10227
16110
12620
11009
15222
13456
11428
21485
12474
7924
14813
14391
10781
11939
17639
14809
13482
12051
13989
6628
11175
8547
18184
6981
9226
9631
8049
6064
6556
9307
9224
7301
7369
9866
9842
5977
8848
7903
8948
6581
6439
7849
6894
10867
8824
5882
7086
6853
6912
7929
5891
5954
4745
6887
8179
6210
7356
5457
7616
5267
4640
6760
9381
6937
6252
9822
6828
7594
8894
5907
8048
15672
17124
20687
7833
8291
6303
20747
8605
5041
7212
10639
12543
19262
13317
17861
15062
14380
26138
24047
14189
7963
12925
16889
16891
11584
18042
9809
10208
7488
11529
13132
10027
7688
8591
8519
7062
8255
11090
7837
5765
6583
4571
9276
8401
6578
7239
7895
9299
8947
6191
8889
13048
8455
6937
5775
5667
7051
6446
8555
6094
5267
11003
7991
6727
7590
5998
7719
7987
7835
7804
8501
6579
10066
6363
8547
6539
6550
5363
4947
7551
6340
6729
4672
16307
18232
18226
21084
17116
11172
15705
19357
16192
13176
10711
14543
9331
8393
12914
6742
8294
9192
8155
6534
8420
10126
13102
22423
18396
25428
12663
23166
12842
12148
9726
14335
13222
9869
12127
10720
12199
19567
14924
27140
11383
10697
8751
11799
13836
12685
24691
10154
11450
8208
6609
14894
14200
6289
8600
8876
13540
7621
9271
6087
8227
5287
8233
6524
9215
7419
7398
6219
8222
5109
8753
9112
7985
5316
11380
7616
6936
5903
7103
6226
10820
14671
10351
9623
18490
8553
10785
7699
9236
12663
8937
6955
6947
6384
10536
7631
6336
4851
6675
10834
5370
7512
8504
7278
5597
4764
5824
6785
7529
5279
6874
5754
4964
8752
6911
5130
7323
8457
6198
7855
10104
6505
11923
10342
25114
9618
15183
13778
18658
9503
14474
10990
12565
10968
10237
10022
10852
9567
14365
10893
9735
13460
9757
9180
19774
26576
17198
20522
26058
13386
10529
13327
10396
30607
11503
13953
9228
13584
9900
11556
8345
9918
11568
13922
7069
10896
5122
9495
16881
13513
9671
8634
12272
9906
6678
8056
12297
8531
10232
7639
9307
10193
7271
9456
11026
9781
8199
9583
7518
10343
7289
9729
11324
7601
9154
5740
6958
6260
7440
5591
5949
19648
19464
22244
9411
12770
15101
10060
14331
7087
24368
8958
13050
14989
11555
14052
12642
10639
8296
10065
14574
18813
15948
7722
8660
6953
13661
6497
9059
15632
7446
9424
13604
21921
15945
12957
11736
18545
16395
10850
13099
14478
21601
29779
24493
11808
21028
25459
36087
28824
14765
20811
26572
31107
9531
11792
9356
25888
18683
11124
17929
13666
12722
21548
18952
17295
20797
18575
13452
14387
11372
10372
15357
8466
14034
8600
9686
5727
11830
17094
9267
13696
12057
10564
11482
14739
12673
11231
8798
15715
11138
9675
10478
8194
7628
13428
10094
6200
7316
10501
8700
23602
22281
21473
9543
11402
27198
25326
16272
11402
12145
8760
5055
6245
5084
6740
5209
8925
7249
21155
21539
7741
6589
5492
7906
6279
8116
7145
7933
6948
7079
6046
6676
9989
7365
4909
8009
4665
5387
5001
6202
7989
6043
7873
6780
6082
7298
7399
7735
9433
8688
12840
9414
11415
9032
11081
7467
10018
6185
8494
10455
8550
5416
8837
6155
9086
7164
8503
6920
18721
21469
20133
9817
13650
7566
13656
10921
10580
14722
9630
14693
17269
12648
29748
9193
16876
13260
18369
15226
9649
13913
9767
11080
13811
11595
15569
12399
11009
10891
12998
9256
9163
11013
5200
6961
7660
8281
16797
11314
16201
6435
7267
17407
10164
8796
8903
7271
10676
14020
11926
7019
8526
5236
8590
5542
8903
6668
13085
5983
18306
6031
5564
5650
6419
8134
21310
19967
20126
14216
23532
24098
14056
16190
24277
15772
20176
18335
35971
23132
20837
54176
40701
46628
32822
50575
38248
41028
38252
41062
27953
30319
35843
33259
35391
61581
71698
65831
69964
32994
29383
46349
26640
40108
22380
36937
37862
29310
47072
25831
49219
20162
37979
35278
27848
14666
20772
17019
33435
44670
25199
18677
38759
15644
18632
13586
29852
30036
19618
14996
17140
14289
15513
30711
16919
63815
16149
16764
50590
59494
17629
57448
34401
57068
62006
70463
40484
29219
89704
63481
43127
39905
62811
56467
54628
40050
74618
40648
69107
18336
42232
39664
19680
21326
60104
34516
56569
36476
74258
20432
48753
59455
35990
41495
50579
101028
70666
106984
75135
43933
73611
95867
75623
44970
62928
71713
67796
54818
66339
82893
30923
62759
77038
49134
47745
53343
23756
24410
28050
30435
25242
31952
70331
55706
36436
46731
60239
30476
39882
34957
37100
22501
41139
28420
32736
63342
25160
29233
24730
40078
35486
36666
35113
53064
44554
39928
72179
68730
58493
28210
43130
30329
29454
45585
54530
29845
45937
39283
22380
28698
28726
33135
21470
30222
19311
51081
28414
42419
32688
27265
20394
17003
17574
44785
27105
40935
43635
20067
36401
31891
46081
63709
37844
35244
69547
40975
41262
29704
56258
46451
85854
60467
33517
54324
30450
114958
40443
38409
59449
51689
75327
79958
67659
60588
36546
38428
51321
21764
51616
39015
25747
35346
20352
20121
32937
30965
17261
13861
21372
34109
29790
33181
20361
26276
30170
24613
29646
33717
43820
15940
17440
22446
51821
37411
24003
22652
16299
15508
55786
20222
14055
69442
36556
52085
64796
37690
23135
22015
78051
13852
11524
18651
20387
16960
47639
76946
12962
98711
28945
17592
14413
12225
23635
14124
8268
10695
17333
8933
11084
22715
6694
16688
13480
12070
10224
17363
8224
14339
9660
17223
15371
12491
21437
12415
15409
14790
13314
11600
7344
8494
12643
7726
11461
11943
7164
10372
15121
10196
16020
13651
10089
10013
12902
10180
11238
17378
9270
7488
14418
9693
12027
9508
7895
14773
7777
12443
9633
9997
10309
8456
17370
11013
7598
14836
6941
9366
5816
8265
21290
24086
24599
29452
31377
31584
21939
20995
22482
26754
24475
18703
7003
25131
7140
7092
8981
6842
10383
26554
4890
8515
8563
5660
5241
7205
5830
7492
9776
6778
9069
7102
6166
9401
9050
7210
6086
7726
5536
6788
5755
9708
6007
7811
8326
7851
5879
7390
6724
10367
7180
9541
7079
6944
6408
8476
5898
8277
7890
5791
6586
11032
12982
14792
17953
9267
19751
15482
7534
14677
6446
13823
9118
13558
8229
16929
14214
9146
11698
13203
15349
19785
14082
17426
21035
25168
34722
32640
32791
26503
44253
17299
45453
41125
21866
26244
22174
18343
21098
27859
30763
49682
17225
17726
43048
27951
26670
30170
12966
17050
23299
23729
16692
8903
11813
19464
6368
17174
11880
9213
10766
16487
7158
11456
7584
12054
9990
8397
6278
10189
8548
10814
7465
9996
11023
8446
9173
13356
8576
9492
7889
5747
9347
16795
5374
8287
21034
11054
9467
10321
10364
8654
6972
8600
7796
6504
9448
11484
7422
6032
6161
4394
5659
5091
6980
7033
8155
5885
12600
7346
9422
8087
4694
6516
7684
6151
7134
7435
8804
8037
8751
10281
7478
9533
12703
10864
4581
8739
7500
5902
8077
4642
7355
14934
17107
19742
14967
13501
17255
18488
26553
28773
10027
16454
16158
7655
8153
7880
14757
6060
4990
6681
9280
14315
7581
8458
8489
15059
11868
9259
11841
22363
7419
12952
7295
10368
6321
9245
9367
16265
15050
9901
8604
14608
7452
15148
9197
7791
11159
6670
9548
7377
6108
10575
11253
7136
8012
11487
8739
7515
13599
7111
14925
10901
12423
8540
5347
7870
8094
8361
5631
8146
6032
7713
11060
7052
5701
7648
11635
7408
6147
8009
6085
6440
10591
6978
7175
5987
8398
6371
8034
8783
6558
6819
8229
6521
5549
9328
7476
8634
9945
6897
10104
7181
8710
6474
9231
16755
11796
12680
26932
24830
10914
25202
5875
9635
16025
6965
6105
8675
8024
8863
9332
7992
6758
5558
6891
7049
5474
8970
11021
9595
30330
26300
28735
30573
32770
35233
37792
41479
38496
15352
23555
29226
30761
17231
21548
25851
19596
28183
10673
20405
16629
10192
18820
25593
14427
10255
12247
7886
13216
6372
16337
7108
13269
9872
5884
5139
7963
8278
6844
7721
8940
6747
5771
4890
6660
6100
7924
6344
7619
6075
7567
10412
6890
8597
11562
10679
6762
5695
5121
7983
6451
7536
8685
7325
4986
8914
5189
5827
5698
5435
7972
6349
9927
6515
7370
10321
6494
9000
7804
9080
9720
11476
14697
12930
8609
15225
9804
6926
14359
8479
6604
11983
6649
5916
7961
6183
7166
7038
6349
4750
6207
3964
6638
4867
5040
6061
6379
5408
5576
5023
5415
8506
22003
20535
7398
24958
26902
13327
11195
10700
6631
10189
8493
14716
10032
9332
9662
7833
10790
15362
10431
9747
13822
26612
18293
21463
13680
9631
8929
13259
20006
10314
9005
7540
13623
15592
12034
8757
11406
9456
7137
10649
16175
7679
8386
12001
10840
21468
22236
12220
15840
7642
17462
18059
21084
10003
12449
8176
12800
6447
9442
17208
9083
13717
14520
17582
26171
37178
19739
42125
34991
33291
37264
26863
29499
25977
21517
24583
49050
33097
28896
32629
26260
36511
58176
18813
35366
42485
45184
31695
30672
14218
21166
12272
46225
20164
27644
22039
24132
37223
31435
43912
19731
36472
71738
63737
30100
31768
50628
33314
27341
19810
49741
58529
53884
44835
42190
52965
62713
71567
41341
48388
43328
36272
41478
19314
33606
44161
34908
39543
21062
19863
19586
18188
20438
37015
21582
23628
24877
15302
22169
32229
19506
28950
39953
53297
78272
59237
40576
39470
71412
55465
23621
81052
36611
49171
41725
33728
65943
73710
38138
46514
61945
20781
72609
48859
39311
24212
22126
24366
16086
31555
19907
18466
103897
29121
28584
58108
42358
50117
45175
81200
61653
64078
40115
40843
44721
54718
49766
53327
29407
19179
53363
35338
26794
17388
34745
30820
22764
30786
28943
40270
30488
23975
48131
23170
48916
47118
67466
49595
34632
52506
61092
54285
47129
41352
45580
42760
62471
79363
110703
24423
65528
43772
37825
32451
21387
44591
55468
26013
34951
32130
18093
24517
26478
60267
27265
34168
36217
50705
18393
24596
30280
31059
25342
27148
48645
33449
16518
42692
38136
45151
35936
40671
51625
52599
72111
64676
26815
33773
36283
31012
28180
36479
55616
24434
13823
13831
39595
15325
18433
14522
12555
20765
21241
37516
37099
24933
34474
18818
22596
52362
36389
50444
25049
31524
45657
28525
18717
19240
41944
25806
25641
34070
52368
27351
45018
26395
27849
30724
30434
20790
32297
26574
22733
21720
40236
24807
21122
15731
71012
32409
42824
19754
16681
22959
18009
44491
20900
27227
42574
52023
38425
42851
48127
42145
30040
26281
17040
19790
29480
66484
19745
13083
38696
49820
47023
28136
26158
24926
46094
24485
21672
34315
33158
41913
22721
37903
46898
34302
58287
51926
21213
20370
42445
7976
9398
23906
17000
31068
13175
34118
17618
22643
15409
29159
27098
8651
12965
10139
5257
9533
9132
8736
6955
7189
10671
7725
6269
8443
7391
8513
7691
6487
6867
9805
6242
8092
6329
7278
6054
5440
7597
11791
6796
8989
6606
5848
6969
5469
7920
6634
8030
8166
4909
6370
6922
5220
7529
6342
18940
26789
11361
26000
14918
7161
5843
34909
29208
46829
37162
51348
62858
42854
40983
29875
65260
9861
59344
51900
69432
29418
63974
88443
84193
62034
54834
98727
58386
47797
26542
24876
36669
39495
35575
16747
20596
21660
18667
11147
14073
17713
10046
12191
15162
12830
11404
9458
16194
16335
11886
13796
10331
12670
12418
16228
13204
14511
17278
14540
21020
13590
9439
20090
16393
9060
29967
16571
21556
9825
12406
19976
14939
23419
16787
32638
17232
19055
29686
34037
31927
22296
23293
22005
10919
14925
40532
24519
24932
19811
15652
23739
15330
17522
21287
18161
23292
15278
14022
35287
27257
27009
10341
36642
24610
31207
32591
14599
21198
10930
9121
12039
20002
11413
16394
12291
8669
7043
15137
11272
11617
12070
17174
12168
19488
18234
13149
9762
17500
16082
13326
15396
9821
10363
14721
9064
13523
10879
10273
10538
8450
9650
8775
7982
12113
11751
8476
13923
16288
14036
11886
15267
12472
18458
9409
12540
26241
20124
18787
16849
21128
19387
22526
13677
14516
11064
13036
6879
12737
16927
15023
8714
10206
6060
6563
10521
7556
17444
15331
13734
12262
18458
14589
13166
11947
10562
13953
23921
25729
29620
31065
10868
18718
13991
33311
14139
27415
9983
23756
11278
13170
10008
15785
12894
15271
6922
10005
9829
10341
8189
11462
13420
7927
9546
10336
17824
14023
13058
7381
15892
20377
9732
14344
12091
12022
9795
14537
12214
13732
11284
7505
11599
16815
11120
12440
12646
10803
13202
9708
10569
9234
11985
8840
5092
13861
9643
14378
11258
16905
21382
16556
16787
24456
19996
18142
23832
28363
30834
37301
37650
36188
51082
40415
43622
48723
45658
22213
48027
22420
14087
34118
45809
16117
20739
21679
13810
14932
22200
28499
15102
10778
15123
13115
13484
8457
21693
18207
19667
14608
12035
21164
8374
10978
31051
11511
14229
28900
35952
22530
29290
9749
18139
20957
14932
22637
25685
10098
11912
7188
25045
14122
17691
12851
17622
14402
27620
24678
20772
44721
35803
11145
19100
32086
22686
10769
7740
20471
18532
34051
19155
23956
28352
24560
26097
7676
18028
8763
17778
12600
32932
23351
27283
38676
26114
20680
42713
27979
25215
29125
11005
13710
9735
10416
9927
10805
6246
18730
12653
9777
15927
10770
11322
9963
13035
11657
13975
8219
10331
6978
10665
5897
8689
7714
7731
8493
6972
6500
12449
8240
6613
8672
9716
10512
8689
5327
7184
6768
6970
5564
6727
6043
6785
5991
7267
6555
6766
7008
4983
7161
5685
8051
6784
12618
11390
7129
16382
15549
13669
12197
8345
13188
15173
8117
9936
19132
7320
11967
14747
14534
12132
9891
20833
16085
18012
12610
19001
22556
14706
16555
24412
14255
11838
22846
9634
24272
12496
17706
31283
30409
35938
37182
32376
21398
13214
21810
19949
46531
9503
19490
19628
13503
11880
14081
7926
21633
15918
12279
18390
8289
9328
12517
7169
6374
12154
9990
6979
5190
8740
7172
6687
6934
8138
7360
6501
7583
8446
7998
5485
4848
5043
6457
6457
6377
5706
9061
8471
14931
11501
13531
10248
10164
11787
10818
12458
7491
15908
10065
10877
9284
7725
8809
7010
8845
7034
5492
6432
9730
9653
15612
9628
7326
14568
9279
12850
9390
20843
14293
24786
31860
24780
17633
36204
17452
41579
43681
39140
17977
41841
42817
26887
31232
25247
41694
24086
33972
31614
29555
46874
51954
40025
24994
61626
30181
47909
63445
37138
51633
44551
26185
30919
58471
40532
83602
25947
18329
14263
24751
18782
11552
19704
60100
69019
50679
60997
83333
56056
46581
37508
76739
79035
135095
67948
51453
94164
62142
107711
58892
100543
148360
57873
55720
40732
53586
58764
53916
40905
82308
54704
92642
53197
72839
43294
55503
48342
49273
77771
57335
70236
53004
59872
33595
36605
63513
56589
71963
45073
89542
50998
71679
101034
59594
50218
47963
38363
79886
113836
134251
133779
109983
80728
48116
155514
42884
38662
103315
81972
86678
54496
53601
21701
48881
49633
77412
78824
48770
51700
85062
69920
47056
53730
46107
84760
39176
81462
76759
89004
43592
72357
44449
61773
28444
27972
42119
34082
50480
35693
31921
56807
48119
44568
48770
20563
48575
65946
122933
32244
28450
29031
75165
52880
53755
63599
22065
54122
51655
130225
32829
42230
81551
56154
98058
121203
134662
78320
56445
120924
65729
26001
64287
39573
31951
34070
47659
48075
66861
51246
51302
37442
79367
68209
89743
60847
50030
38240
44658
74188
57805
94719
54204
49900
79067
47752
89623
78735
70875
140147
65289
114943
50269
54099
93255
63563
91743
90040
66347
60703
128780
96227
45541
48378
25716
52202
40595
54763
41963
60511
44251
78085
36444
50243
116398
60523
34647
22352
43071
22804
45405
57201
36080
54263
25207
23916
14002
8573
25910
31701
34053
31426
28286
39120
29470
41263
26715
45069
52970
36007
29389
27078
61892
65416
35578
30792
29456
13341
60363
73805
58289
51860
56094
60408
68769
66172
12812
64385
43914
42989
76795
30468
86108
13223
34218
33167
36148
26566
30023
45886
30327
18267
12514
20685
8246
11627
15741
10405
14377
24429
7317
6199
6198
5069
7546
6549
5982
3898
6667
4766
4675
6670
6067
4833
5527
4884
6683
4896
4520
8233
8387
8924
6968
5287
6552
8415
5183
6653
10969
5322
7772
6257
6761
5984
8813
6885
4436
6780
5736
4978
6359
6942
6582
6736
4767
6612
9810
7173
5958
5861
5313
6533
7389
7505
5491
7048
5500
8244
5458
9576
7868
12755
6479
5488
7435
7844
5680
6558
7027
11507
9493
11972
8574
9715
10272
7818
8976
5313
10011
14770
8626
9346
13670
11591
10133
12016
15931
9804
14149
5418
22704
26651
25281
34813
34112
50600
25051
26585
19136
19973
19775
18784
17149
19657
18842
18264
15662
18712
10519
14508
12857
19097
14060
19916
15720
15616
25687
14301
18919
22116
17591
13474
17395
9655
8800
16963
7870
7084
16028
8279
11175
8065
9670
9109
13206
8732
11460
8095
7544
11540
14344
9655
5857
9774
12390
6922
11107
9578
8041
5462
8508
7894
7410
6849
4752
7787
5792
6663
6364
10421
7015
10120
7233
9058
8522
11274
9564
4620
12832
7809
6320
8836
17850
12155
14735
13537
21703
15733
14393
12247
17763
19714
10698
9617
15999
9838
10714
12294
11217
10751
9974
8150
8845
9239
8616
7084
8571
9079
5083
7209
5533
7765
7309
5475
7647
5842
7144
6066
9750
5604
7071
7032
5420
6189
7082
6772
6017
16939
23743
25912
16604
31253
13213
19033
25773
18887
24898
22934
15151
27782
21236
18828
23996
24090
31574
42387
41149
12360
34548
30164
46733
45082
18066
18633
38024
14556
18309
11106
13284
13328
21870
9537
16888
15705
11778
17815
14081
9468
16041
26471
13083
13810
10762
13276
7291
13443
12444
8084
15876
12869
13127
6960
14403
13448
10216
14187
12915
9809
12659
13826
8254
17201
12558
11994
19299
11800
15486
13189
19749
22436
16462
10238
8859
16713
9513
7752
15494
8468
10851
9211
7982
12043
12977
9243
13060
11256
28340
8933
12725
12861
10543
13599
7800
9059
14405
11245
8416
14528
15332
13714
13983
13617
19720
11721
9137
18131
12166
26455
15318
17145
14679
10207
17014
19772
15009
20472
20862
14679
7344
17957
12398
14966
10587
13088
9602
26695
12884
16462
10721
10527
11939
7705
15043
16765
15972
11441
14720
15616
26778
20879
24895
23197
25934
27952
31027
8915
17714
15731
10811
14935
12271
16083
16220
21130
7730
14589
14669
20311
10448
14510
12966
9138
12213
10152
8220
8062
13483
9383
6345
11224
9310
9342
7439
16771
13420
21342
11509
15573
14468
11152
7480
11639
7588
13816
8545
13630
11619
9156
15163
12391
10105
13724
8012
9600
17075
15999
16195
13237
8290
12613
14921
8974
11234
19403
31059
12626
12445
10031
8356
14690
11615
8367
12069
20335
18424
9323
16205
15418
11784
12871
13814
10827
12133
12241
13786
22365
16512
12832
16430
19823
25524
14861
11537
12809
21442
17493
13182
14503
15902
10489
19289
19140
14191
16843
15601
19072
11220
18141
12104
12839
36539
36567
29740
22699
39035
33791
47771
50657
42448
43619
32503
39494
40078
37993
19466
37666
25740
37392
20191
36502
19339
53022
51203
53354
63444
49566
57627
10834
8610
11860
35487
11931
55515
56608
36228
19105
21673
28221
11711
25758
15046
26816
32187
54998
20866
39227
26721
41804
35779
45988
53931
31595
39325
35388
35944
29347
60971
41419
42256
62265
39673
50345
63658
51734
56649
78425
54297
62716
38538
84200
34194
50796
46244
90043
72913
69343
34792
78130
42007
30926
37668
65814
44866
62452
66050
59955
41286
42755
115559
17832
40787
50592
36940
51700
32353
50154
54944
35328
44124
46565
52997
63661
42937
60223
69840
50630
53577
89306
86801
87898
75061
81691
41917
68771
131362
76590
55556
72043
70140
71149
31738
53711
50189
117114
52390
90908
88116
95957
29069
48336
63816
59264
90322
61509
33551
25027
21318
51060
59644
58350
62134
30714
43464
61851
60807
26331
45351
27244
35347
28957
32873
55901
87031
84440
51743
83247
60557
57443
42961
48654
51139
65133
85160
98573
101651
81296
72174
60054
65432
30388
25863
44077
56421
75516
94837
46434
48384
59474
43281
67684
37605
35769
73279
38014
42036
110490
50938
44346
39021
55642
37798
47759
68338
26702
25379
37427
52580
23320
59479
32799
44707
75195
56192
29804
42494
61946
56701
53391
64162
36949
100889
42423
36426
93183
47312
69533
29736
79450
24099
21608
18522
27299
89170
33680
59422
35430
42416
28645
25897
23296
27907
25952
38114
32504
31201
18122
23122
35332
10970
19771
23468
26340
41566
41148
39588
32523
23965
18942
31308
34480
26541
20717
22711
18443
24163
29796
12415
18441
24966
16971
30964
23145
14686
19562
19724
13612
9185
19829
18238
14553
21382
12047
16882
21095
15052
14438
13261
10830
15217
9491
21645
11199
21997
16465
20990
33304
23046
27023
18860
19163
16934
17113
14863
16524
13081
14968
11782
15679
31700
33610
38730
35312
36950
30179
45662
44075
60655
46800
59011
54715
40521
50342
62693
46727
63104
11053
10457
53516
11175
50669
17101
12051
10609
14081
9282
21472
9339
18704
17062
9214
14052
19330
18137
19414
15842
24966
22699
15144
39472
29757
24799
19982
29855
28142
41265
28262
28982
35866
24465
20056
34522
26629
30617
27243
34848
31264
30690
31809
62123
27485
26180
34748
30721
24113
39027
18169
39949
40345
25577
23457
15892
27463
22294
26303
36108
37896
30543
42617
48111
45981
29211
26068
16955
22013
25258
36922
22451
16615
15566
32108
39095
22914
28436
20221
38966
30049
18022
13085
16599
21452
15284
41269
44476
33905
32134
31042
43223
64932
19624
15881
26025
52383
38104
15401
18974
41310
8244
19927
13578
34477
28300
23035
27124
14173
24507
22781
15665
16505
29526
14808
35555
24266
9578
20518
17791
23861
27958
44676
24143
48285
12668
31286
30678
27549
46835
31737
43706
29953
62376
34165
42479
33452
77150
49505
53198
64242
51475
51347
43375
39213
30386
49273
75454
37827
50859
24547
21939
26404
33182
40624
24194
28835
22293
25080
20421
25860
26026
35255
35610
30932
51930
30154
43389
21585
38488
46635
45170
33205
68952
46356
49718
19858
41071
45021
40470
36331
38692
35439
41035
43877
46924
38183
66345
60285
22119
59235
35036
31529
19299
42699
23337
38487
22739
65020
32210
21510
45526
26906
56505
34726
35216
43894
41883
38545
34568
42702
28757
44355
31306
40935
26936
39538
36501
45589
34499
34924
68422
39101
46267
33195
37927
51834
38329
40761
30464
46241
88490
44207
75071
53554
44459
46758
61434
38111
81282
31164
39573
35814
38449
18548
42963
22058
25514
14383
39269
22342
26770
38458
20099
35144
25802
34759
49458
32365
44408
34737
29430
55971
23592
60623
65163
54372
41811
48026
60735
51740
44234
70445
86590
40055
50865
68335
71753
55659
29748
36965
46674
58539
53140
51956
55544
87771
42501
64014
66134
62338
60080
36679
37646
29519
43464
32004
38119
42210
64867
21339
31815
28237
45547
43811
46422
35961
93132
89596
41926
54646
45101
58863
38097
41934
85870
44722
57369
24211
32218
45768
89517
74331
90294
74562
66149
59559
94914
99433
73070
67543
93983
78163
68145
37585
93408
105158
101975
92123
86657
51508
51966
29372
48570
43190
48897
39007
43372
50687
33789
52157
26355
30280
16142
22702
29679
49788
27890
21271
26494
39760
56949
63670
35362
51668
49978
30840
33848
45951
52369
38458
42444
19307
39997
31655
24174
35977
39100
17123
30924
36908
31816
33183
21331
39254
49467
53690
51526
43891
45788
35567
71539
47839
43955
66135
52718
43864
52343
44448
45668
28305
32278
52286
50672
42416
27415
41313
35812
49549
44038
47226
57473
43938
40670
65948
46537
51614
58577
26179
73384
55733
59591
87383
38910
56906
33628
45276
35978
39877
55224
63694
40493
42474
45867
25079
77183
78700
33461
27270
30675
29972
45711
63156
69297
41084
87310
81319
77616
48658
20363
73848
106813
54094
28844
21153
21776
75627
23629
51162
72655
127172
118767
118667
84904
57184
100326
54961
72571
42803
185384
89959
139784
74540
82264
157203
98067
126091
69329
141897
107091
155762
115967
121434
34283
63021
26477
110774
42082
59136
62191
54465
57830
42346
115163
39192
66445
79440
113826
164395
63205
47474
70278
57992
49052
52607
49596
62874
52178
72895
61978
40936
63331
96898
65498
60387
143662
148102
97966
62429
68811
68517
55856
79090
108426
89537
87739
55478
58516
83206
105724
47857
28613
51717
78709
50105
55975
36777
52652
110147
36129
37089
130787
17617
26923
56134
54174
40315
23579
29399
25031
34423
45061
49215
47515
25708
53130
23502
34692
21201
33096
60145
46438
30869
34441
38098
52554
31938
18684
16056
17528
38433
31536
34102
18500
24141
19694
17284
21152
28547
44916
67795
30426
27277
39270
26280
47294
41901
35167
52291
37396
31729
30876
32795
31530
37835
22386
47434
85273
20560
56908
30332
34079
42342
17187
15848
49165
31513
100517
40729
97191
66670
35624
61618
40364
68933
52869
56284
81073
87040
38095
53572
51647
52140
54046
74023
84130
49716
47221
39119
46648
37367
60635
34297
106816
48597
85628
98298
70256
60093
64655
92221
88585
77709
93304
97050
43551
79941
56511
54098
33661
53639
119776
56479
40168
54249
35633
56645
86428
100108
29610
51774
79819
71074
48188
98374
47713
91312
37848
96701
42879
34003
41002
28348
70283
21102
20484
60953
51722
28798
59070
65420
24978
72143
104101
96487
90871
71070
64005
62704
72807
96968
61485
60151
93106
68247
126185
66597
59118
89882
58232
62725
47007
49304
38290
60969
64447
107022
90285
75406
109432
56624
113991
55561
75378
137430
28165
148036
47127
52130
60582
81273
54272
86114
104065
38125
38523
32544
67147
83286
55807
72758
80746
72156
95952
105837
54845
66045
99186
88849
127232
65379
69988
62084
68754
67268
103659
74549
116758
73759
72230
121230
115222
56197
74990
84795
93256
108048
92791
52835
42328
76607
33320
72893
43718
83358
75293
57433
48838
37008
74065
35150
77478
42413
51832
64979
138158
34274
52573
32036
40278
42146
42594
26038
33320
23795
20690
44962
46267
58506
38454
48783
69822
47946
47302
53114
70558
49532
67681
64523
57055
38038
84259
68202
43126
62146
92366
110850
60681
70469
77762
67027
76314
81716
63221
73524
68308
96135
114479
67573
57599
60108
69781
64582
62880
54839
118558
27698
85228
32471
29093
82738
21169
49770
27833
51785
34947
46662
107177
31943
45828
69070
56450
54976
44835
35988
47988
56748
37017
63845
50246
43468
46703
55104
29088
43224
52093
27561
23149
52685
50345
44666
59873
28181
39337
36325
31788
39915
32605
26142
28389
39982
38987
23559
54818
49658
28668
33700
43696
40943
55102
81053
74775
77173
69683
97909
55390
77188
66538
52431
56522
78852
46166
71152
28456
88613
97879
83567
63696
118032
100381
58391
39964
104687
62690
100893
97511
68537
117958
78480
68607
109517
96769
76974
59313
57758
50001
58548
46235
56155
23627
61433
24278
54024
26082
18184
32181
41886
36400
46292
59369
40574
57128
50430
47766
31384
29608
73765
27357
41758
53931
30500
44871
32893
45199
66407
49560
70550
62051
57377
41781
46102
60639
98720
80100
64688
64883
108743
41029
67899
72654
75871
80524
80574
49000
61257
65045
51440
57118
115665
73356
35002
13516
37440
27319
99227
52129
71369
76080
115746
52068
128242
92265
61910
70745
63203
104809
104778
139648
86878
85916
103266
83756
21806
83261
149664
76016
60559
31289
92471
62771
112266
113159
73578
35443
47353
45562
78658
52509
61075
122092
67318
97804
58529
132234
134418
36821
142028
51694
51965
26327
47444
37173
44987
31624
52600
56241
30532
59141
28863
35942
34599
42480
20645
25359
30816
33844
34491
50277
50816
45226
31721
35685
54590
35146
28417
37059
34317
22239
30827
47519
54372
28696
31011
23161
35741
43739
57247
26779
28385
20867
64926
38560
58449
26517
49619
36196
42695
19317
24128
26550
57424
84180
37156
26180
36675
33590
40043
51140
37229
45233
40046
15967
24365
51506
42769
50822
38044
89609
37698
40203
78681
83552
100664
118815
106822
68717
96173
67419
71707
100625
92784
63502
74452
72740
66794
95039
91771
88673
83370
22110
78037
26198
68386
23299
78685
37564
76711
26802
54680
51967
105145
101548
60918
112226
55071
153046
39446
62036
46334
82934
170271
33476
30907
63828
34969
29342
38731
22514
44100
46688
60339
52755
195067
82865
71344
94232
76134
145022
113162
255208
127909
124003
139521
133993
65658
99609
91764
106769
123137
67002
69102
116087
91441
76274
97485
33251
92678
42823
21851
74924
43910
58898
88947
97973
54614
57567
74311
49730
62517
98325
97219
147400
56713
62937
78489
69359
86230
84126
46770
98570
35770
61384
64116
71297
86482
89440
71908
35463
100651
83372
41089
75760
78855
59391
32589
95089
127829
71843
103334
115244
39038
39317
36590
60969
73009
65637
94777
97195
94050
102506
53186
34891
57727
83703
63937
51100
54481
71811
33935
76486
61233
61236
75137
71687
60566
32227
44767
49812
95701
95498
41287
22893
63292
56550
76167
52073
31271
45459
38652
31338
40252
38434
31836
48300
41811
38447
36635
104181
71599
19704
24223
57045
43632
23456
42069
19080
69675
38770
108543
56434
82612
66753
39238
52789
96773
83890
91644
110976
75419
89626
58485
107722
68808
77608
113582
83914
60392
100145
64702
33301
67436
84233
100027
80300
57475
41603
68440
37017
49207
31438
46187
47702
53591
83833
50921
46831
122005
33499
46689
52131
20348
97915
58562
62512
154981
39175
50850
47361
60676
43203
47126
47543
34270
46168
67795
71290
65149
57893
83125
74318
52676
95271
64980
56499
77591
33765
45819
43034
51920
43096
86092
42017
57970
25223
44688
102460
48814
51944
38709
33787
37029
51473
108185
132464
92586
70643
44880
34060
49094
36427
41183
65595
45394
40351
24836
28159
31164
61047
49317
30301
69083
38414
47016
58374
59650
28811
47310
29736
45311
29156
43651
61537
31866
54185
26600
57796
39452
37242
52273
70280
92936
46760
58106
25250
31203
40712
34042
69236
59474
60804
83391
84370
105276
76081
103844
54086
63771
60525
66814
63297
78495
53591
78756
40934
111716
94277
60373
106826
78321
64383
27253
40770
74316
78875
81695
87334
60609
85458
72912
62396
48270
70125
87973
50984
82610
68858
45153
101732
50242
44223
99758
57480
14724
53090
21805
62229
120622
29097
67207
59755
109643
74564
78953
69056
120635
112014
84106
59593
64249
62936
73187
67391
81821
137546
60626
80114
95033
100500
59684
100318
112395
93851
62020
56672
75025
33023
27779
99066
59312
61064
21898
67138
19776
27251
14598
18014
41370
77709
41486
127679
45607
39833
50383
76222
44755
53255
44273
51880
74287
44575
120074
33149
55945
54532
47540
79250
50683
54618
68706
57160
78893
28204
54103
110497
29019
26827
59471
67386
53817
35684
61757
33185
48498
44035
85878
52846
48396
32949
36904
37001
50603
62136
103057
48851
40710
49346
47605
76199
48198
45968
85793
82082
51760
54112
57300
112589
56308
64798
63604
14549
34384
109706
99276
56549
44623
52327
51353
102708
38912
72107
42263
66375
82531
71275
43904
42762
59373
48849
38497
46953
46019
31839
105062
27338
94918
62274
68234
79847
42627
60587
46379
45237
39310
36871
17519
41355
45981
43758
27534
75351
22584
51152
27821
18162
26917
33721
22639
19578
27557
19744
33316
89276
33855
69779
56737
60705
31072
54876
43817
51214
29145
14035
35575
46162
41179
34341
36030
86805
59832
79647
62083
87382
49452
57533
64705
38174
27669
35718
30606
69308
40811
67439
63783
69737
50172
33684
103144
48855
26623
74427
62883
38032
72379
53820
52295
86649
58166
93574
54646
97782
66294
69746
62117
23194
108760
90566
37992
20315
35971
59829
41939
61833
62081
67408
24062
61836
39243
51771
26408
23728
55182
60729
24265
22615
32640
27807
21429
24474
29511
30717
41370
36951
27991
32589
40653
44887
35044
41904
31141
23485
17389
41597
33226
29690
33130
32381
23825
28783
38938
37117
26952
59274
31847
53838
26623
42540
35585
54596
28088
20786
31330
41797
17971
33860
21335
37358
27235
28810
17052
27291
33332
21622
30295
44417
42135
35811
26817
34880
43676
29948
18240
22238
17161
41833
28196
45344
32431
37276
45749
44556
74724
54298
57446
85958
46077
58432
36290
50822
16044
49127
20789
18049
84591
23795
56136
54539
20662
46046
52066
25066
55609
26726
57988
82456
55124
30406
57260
21065
31979
34551
46410
54670
37629
35579
32050
40537
66555
58924
43608
53159
25945
35207
33154
31274
28998
40047
35046
18087
18310
33076
17922
20132
43511
24122
40940
68961
32379
34349
23858
29626
31073
26531
33045
34717
44582
32757
73394
29734
48963
40231
37103
41767
53060
58132
50307
14986
45459
22368
28817
50699
49214
15628
16529
70276
52172
35723
51275
30517
58931
25061
52993
34640
44446
33870
41950
45138
52181
33171
39291
30311
26759
60331
42595
24947
36593
78071
35963
42669
44431
75061
46757
64658
62945
23998
59961
28405
30571
29931
47753
54028
38326
18433
25303
55525
19328
51806
22906
22885
18918
41837
47544
20260
26893
71694
38623
50781
55300
31767
35834
41699
78231
32697
24405
25606
40576
28736
39711
23290
38672
42889
54933
51140
35756
34367
52125
48062
43100
47800
41212
41813
62584
32805
27791
31928
45456
36309
29645
20120
26252
39464
85076
33044
23786
26538
30712
34232
58401
27443
30896
35812
32596
26145
45232
64346
19618
32286
34060
49577
25604
70823
39811
43248
32800
33833
75280
54251
34796
25706
27781
36375
25914
32060
17202
55808
63343
55388
60626
94707
76565
64614
82989
95907
116833
90354
80308
88019
82746
63585
53481
64610
47723
53544
28888
70631
44109
46005
102418
42236
73370
63733
68896
69866
40918
63911
31882
81764
88368
55227
83913
64041
61967
48546
39454
21937
23854
27599
31682
76187
62355
77955
60187
56918
65723
70354
101985
58560
74862
22172
69464
60651
36470
71226
52645
26144
58741
55829
45546
63101
33801
23296
26377
51155
60604
78163
63338
45097
38449
70738
42588
44681
46038
40421
14557
36319
51980
57835
39037
25590
28460
45978
31557
33081
69163
26173
37192
42583
79917
30473
26334
26816
14974
31019
15962
11725
44251
36859
26101
44697
48494
40751
44303
19088
57343
31618
36994
34891
39712
54662
63997
83522
47890
105485
73083
23789
19208
46088
47048
31505
35518
29690
31117
38895
33802
45409
127763
32536
39766
18561
21041
15440
32952
25444
23089
27192
33015
26496
17367
17400
30069
23390
15853
21077
21517
18600
25262
23469
20891
24645
31023
20048
25493
18757
24635
18947
33961
30012
36584
36708
28780
25030
27050
25073
31201
23452
44722
18840
38896
30789
25115
34145
33960
23605
16339
26267
29466
20371
45218
28781
27932
28790
32161
25782
41037
44054
38806
24936
28158
41478
42986
23752
44636
28063
25749
48811
61150
32049
28224
29677
34496
37966
32019
52516
37966
35825
41825
47281
21513
57876
42598
15684
40776
31820
23952
17814
36616
50835
41681
18975
27855
22284
24897
39192
24008
20390
25324
19382
38353
31694
21596
20167
39124
30492
31721
29884
22196
23709
31950
66541
38056
89375
52880
20304
51874
75863
71852
29291
86498
59535
58120
47390
53066
60195
83817
59621
51686
64273
73163
98916
63159
64163
68725
83219
66693
117447
81057
93125
31410
68856
29782
32859
22672
44696
34311
34131
40885
30344
63314
126454
42996
39236
73014
118433
37242
20483
43628
33832
145875
77937
15386
17992
39746
16703
28935
21725
55332
28009
29885
24975
31817
50738
66491
36193
30739
43281
43927
59921
28017
34893
43222
37946
52684
33197
39168
69416
32272
52211
53778
42687
49185
60036
59848
52604
70393
25759
54198
36106
53837
51451
53638
29156
57755
57682
52965
41005
48502
29514
39125
59216
49000
49095
45978
36555
34068
20045
40268
32568
41290
73669
20086
55083
38083
37604
42364
65547
52966
53849
33319
38233
31692
37058
36226
33154
41285
58051
51684
61194
77921
50285
63318
43761
51516
56884
43316
23666
52453
34710
36532
46102
59219
33965
44973
35586
32274
35461
71515
73623
50016
56103
16429
40656
40146
22592
16951
25301
27524
52021
23808
73129
28127
31325
24717
35314
80712
41356
46903
29830
17088
31762
43010
36270
77930
52992
70190
43560
55314
63066
53916
38561
67757
50918
45496
34374
33174
52665
64566
60805
40573
62531
86271
83513
17070
14493
13805
21956
23242
50996
55194
16026
27005
56670
47455
67425
43131
30978
53820
47376
91440
83437
45449
33527
104594
66368
48949
75312
54104
58900
58013
46026
69700
38697
57591
58761
31957
44920
59726
49029
51036
51372
62712
40010
64680
40984
52937
40211
52844
52572
55405
68661
36736
43959
50273
43875
40578
16781
53280
120772
79111
78471
59689
60392
57233
71040
67519
80342
64345
117891
82726
55862
91978
57209
100211
34097
59833
118475
72477
82014
131072
23861
97959
37915
34712
44934
50740
73880
83162
31811
72116
108690
61292
23633
31420
67033
46339
35034
65694
108477
88044
78213
82344
57720
59522
31407
51461
43319
33767
32851
55574
50434
53148
48713
36724
42148
68784
43483
44319
42934
68936
48039
61427
39401
51916
75519
61263
47899
91917
39956
68502
59468
73924
97210
59368
80093
33315
58066
31148
106704
55694
80882
93104
108590
57849
70561
53496
88701
93536
67575
20033
92635
44478
67061
47830
26374
47083
63030
29188
55379
41643
32045
53940
34674
34307
34028
49952
38334
45118
56508
31065
28672
33342
45578
30331
33893
34880
86597
86694
56881
58557
21777
58955
35919
49475
22465
31588
61494
31536
34156
32491
27067
39451
67987
55398
65664
40987
75992
49449
61001
65888
56610
41314
33909
25288
17140
48190
109206
73814
130285
53698
82810
71100
73146
67198
52405
37925
43845
27465
25722
23075
27976
31606
17115
21427
27621
19630
38206
23433
18957
19242
25570
26260
45691
73049
50167
23510
68405
26070
42988
44876
40149
39758
54374
21306
45066
49492
29136
34483
39739
22639
46974
41719
34033
25244
55679
29250
38597
47327
80485
34514
45283
31239
42390
29254
37231
25479
68089
38240
85508
61583
55832
69562
58695
66341
136866
36086
93179
83617
89414
22254
133926
62056
35764
141990
110444
134336
100902
74665
104638
87320
105999
92595
119717
80567
84878
62152
111188
62204
65286
26925
144294
119762
52616
51947
70415
79835
89378
128443
78330
61528
56415
29154
79092
32605
38153
22451
22977
33355
27267
22545
29455
17276
48699
60517
106822
120676
156481
48256
61987
82155
58039
48801
51607
68154
95009
42443
114351
39714
113001
84156
118385
31212
33023
84993
90718
75182
139589
120973
101841
69112
77387
32522
49086
108975
49793
33104
55649
73065
105697
109458
58578
43677
54978
61420
36202
117440
124784
56173
81158
59611
40657
49886
65337
44697
71988
45454
26848
66477
32325
50028
73649
88040
35083
25974
74126
63162
65206
46898
77286
90448
38826
33923
59858
81219
37099
61195
55987
57925
60762
32469
52274
41456
47854
44843
41421
28202
50624
24784
25033
49855
23256
30041
35034
55829
70843
63538
50917
33159
31053
19417
18113
23740
28239
84604
34635
48439
43024
25873
57273
57426
53623
48662
16868
44509
69799
71953
44005
74447
65255
80645
66212
55985
53095
58616
74688
70474
65036
51773
17090
53541
50144
47146
50626
57501
69000
28920
62900
41011
71726
22690
36935
27668
32188
27080
33130
54219
41641
35055
61431
35104
19652
42345
24404
59263
31488
41314
44743
49664
38017
66425
57676
22700
45471
31388
44682
23582
55664
84075
21413
51121
57495
58553
43281
47541
36212
51828
48519
31189
78838
63495
28262
55297
99322
55966
41397
103540
49183
39960
38908
26917
38514
48136
40296
84216
75572
52593
34017
81592
90795
26142
43319
29588
32204
30434
31405
20905
115111
60381
54720
41720
71379
51204
93645
45110
47653
66690
47622
39994
73610
43176
70106
75309
19065
33343
48225
61616
31843
65430
59915
25454
64888
46178
92916
43655
54682
84928
57391
64852
44843
51329
46336
49198
62996
41338
21436
50290
32862
22596
20769
36129
28704
43991
42965
38150
36611
28231
49469
21283
34551
30637
34500
34957
24893
23979
16403
33393
26927
22375
39344
28126
20263
30466
27794
22065
21836
44478
19465
65365
25581
31625
29654
59590
45515
22117
20475
41001
43880
27263
57950
41687
49680
31353
24389
39277
28390
42145
32926
32220
28982
35905
77700
43960
56937
85847
23342
41093
25610
52561
78522
40685
50163
22312
42024
29255
57719
46459
44516
62381
25528
48543
35841
43214
33487
22550
35790
28760
30537
16787
15034
29428
19326
32073
51988
26692
24020
26496
38649
66418
26891
24780
27164
42705
27782
17533
49398
47041
59628
53776
58453
50095
42648
47232
96930
45731
35611
56920
33841
55937
77720
87879
24629
65902
77709
53371
93973
62058
30022
31071
29403
23057
55364
27475
19373
27610
17372
22517
26930
42907
29562
22000
32889
26101
15599
23058
32215
45023
35070
69436
45915
52067
60522
51769
43826
49768
53284
54314
81789
54173
84450
62975
40899
28177
41246
62773
37033
34434
41125
86973
44627
54734
56345
89726
49272
74563
70849
70245
57252
119950
73048
38496
60779
93838
59270
36704
58080
61636
66552
59766
53449
87379
27352
15592
78064
87181
47248
51920
82643
84617
80797
85765
67723
76557
95075
90309
84229
28848
76500
19331
73270
71711
84201
59095
17931
134380
36594
112829
124746
115678
105249
22542
120697
108725
143521
80136
111666
100590
54983
51304
119880
41899
30147
96285
107198
91377
81333
110481
112481
81782
29175
38901
87143
60248
54872
39684
39562
66159
71300
131971
92143
65512
170330
128816
65107
39368
96053
93525
147248
54401
50787
32259
79336
40122
24952
23543
17056
25922
39881
46286
32292
40359
51381
35058
23251
40582
30891
79227
95025
57455
67598
82356
64300
61605
54720
108702
75408
42525
29367
37081
43227
58662
51201
39364
66471
24462
59125
33873
47628
41955
25398
63451
53019
72793
87588
48603
67352
61555
83812
76649
83467
57093
87005
51081
23379
59337
86878
22160
35100
21558
31954
40524
37678
39951
93066
54155
103816
52618
30789
117365
72058
48137
44621
23012
47014
41409
53590
54771
66610
31438
26938
70398
49740
30673
57331
50075
64696
52521
47949
42460
44951
65168
47289
54153
36720
31034
36278
34272
54539
42986
62688
30474
27828
68511
41589
26401
34306
41684
55233
27716
33308
17550
43003
28902
41036
30922
25388
52955
49892
41940
44666
46815
71411
55754
27561
51720
64892
54363
61992
81645
33624
38107
31321
34310
30755
18292
39097
40873
27006
29519
32609
31133
45825
33202
25924
31582
38903
43013
40983
51027
27602
33201
36657
59405
81947
30599
40112
62610
112112
57942
55288
57431
25176
43772
79172
52165
55288
41492
39604
31110
67521
33506
38337
39170
53558
33828
51721
72500
59197
33051
47569
32410
24694
57168
36396
18012
49639
64143
40042
46434
35690
40223
74416
50602
44907
65739
59901
56811
50559
87882
61093
55084
71485
51683
164914
105699
88938
139322
84464
83350
30585
101278
23745
22926
46737
29897
25724
12448
53749
25321
34516
31076
48297
29482
33120
55232
61528
38154
36300
50124
28642
84881
53069
48498
48934
30373
55427
43574
30322
40596
31864
33364
58934
27192
26053
23882
19912
24198
44203
49577
74950
21947
18140
34341
34566
25315
21192
40735
33699
26296
27799
22635
31029
24042
24323
24369
34652
25128
27141
46730
47097
37219
32998
63256
50047
61363
98046
36382
64021
52094
51620
55716
80118
45536
35737
32873
40922
25314
45132
55093
44885
29394
35133
54148
99703
43780
55743
36526
81603
24486
30953
19028
40777
17268
18931
43269
22265
21954
23574
20200
22496
33870
43475
29025
33273
15864
21316
34021
28815
26517
47220
25037
28974
29640
22048
41669
26237
45179
37490
43441
35016
58728
28483
27659
19995
24113
20044
39034
14271
22140
26985
41039
44947
17140
28021
36047
60657
25641
37982
30443
34780
24004
64740
47452
26815
43203
28274
25261
42548
23924
22752
34378
25525
16693
19500
19043
24467
21484
24687
30830
28803
32570
62303
35933
41992
44445
32652
54464
28414
25940
34620
50758
18711
14513
50884
43186
48227
35656
46090
50062
84556
26856
71114
106043
33566
22526
19727
29159
25167
28838
19742
45128
23094
39192
112405
26373
39032
36750
48882
117220
58794
48344
88948
42103
158047
34107
114723
85767
41920
50345
37925
47362
17026
34769
27412
91858
21927
37672
102843
137437
23786
26714
22581
49793
65917
48635
54960
68973
83474
54124
63976
61531
37772
51546
59167
53733
50784
20651
71256
24717
13335
81539
98157
41622
53527
45687
47635
39269
31853
35698
102116
38186
47548
54089
68846
22602
43202
48168
39846
24319
41439
49433
44084
59420
31415
37880
54242
39723
36865
30068
29385
23367
22014
38385
36224
32813
35031
21200
19806
23726
26212
31088
55896
50149
30615
44728
51262
34659
44121
77473
31089
58663
54725
37160
52472
35496
44547
47662
31235
48017
33435
46504
35161
38232
64217
47377
29535
47485
27443
59050
39935
56012
47032
56291
39994
81285
27412
55100
67384
52315
54163
46263
42353
40224
58252
43319
51322
44149
77654
61240
21831
37674
44759
47563
45776
28403
25030
47698
55599
22313
36395
45176
45662
55613
32673
39517
63011
65420
48130
44181
62814
34801
41529
42556
74923
22228
54360
30259
24407
30379
25893
41494
63566
62148
57437
66543
40742
35674
48047
105125
73940
25652
30520
16467
33921
36481
14925
25742
57976
24839
20604
16851
37273
39888
22468
39151
31711
27490
37508
42711
51320
28470
40545
35456
26184
16801
37167
27029
33081
31999
49043
39269
37690
54714
49085
54987
45018
35444
43687
24976
40798
59683
35966
48262
38309
40411
38998
40983
30361
32885
34544
36298
39857
50132
29806
31953
46798
52530
42696
39674
42739
60171
30608
29105
36597
31915
20389
23733
27684
28603
34380
36248
40849
34082
32582
30016
73191
48368
29499
56068
41759
14238
45041
27174
48149
43916
57253
53314
15567
73434
32360
33423
96525
46310
25775
93033
56284
60399
90610
59072
98009
64645
115268
52513
104919
69390
121469
114360
94130
65826
67076
61546
65818
25850
88815
50599
87646
36900
52019
55543
67542
109617
48646
69422
75602
100767
72073
54118
46869
60484
54067
51958
81130
66026
82114
59325
41538
51637
67355
24988
36670
33012
52330
69897
56018
35562
81858
57309
77953
79709
41906
39217
24181
57960
60831
57618
35233
76855
83488
38513
45841
92566
102041
70055
46856
92266
43455
42620
88276
41735
39970
40486
29857
58083
27513
75576
32150
34593
43927
52681
62184
39608
48315
24837
46057
50722
61271
34371
18718
40414
28517
46786
56635
44834
42719
43573
36397
67879
33844
58797
46234
111785
95120
78711
97157
92556
73718
81541
75758
38890
75902
65130
111466
70922
107627
40051
79843
73619
56978
124159
90096
58516
116453
92505
51625
89275
120297
50967
46089
60029
52677
23035
37135
54338
30174
23589
24953
18709
24489
82750
20067
35864
43234
53279
110400
93598
52279
52541
70004
118086
60646
84078
66075
139686
81747
80477
142711
76126
49085
50268
59874
63891
69723
25326
18096
26072
80185
26659
26363
36349
17862
70179
43207
39335
35532
53668
37827
60978
51985
62929
22565
20875
56996
42610
42878
31159
28439
43261
26874
35296
55883
28992
59376
46552
72159
58935
79564
28373
79090
38701
66320
57191
50371
59122
52598
27308
60986
53976
59344
48870
43348
39887
37896
47926
45175
32345
46823
40322
42353
46335
28516
27347
49444
17779
38485
39571
27124
23315
32171
41694
54149
52164
62510
50453
75663
49396
49491
25968
42965
51635
30694
63747
74016
44654
56736
50070
27455
42894
23730
34452
56516
30469
32512
28551
58916
46690
49563
67055
46150
48045
22826
67806
69228
36369
70934
33575
71251
62045
61948
57377
31899
58939
78542
54065
36159
59211
37699
28736
64023
42388
46489
70022
21460
24478
15460
31526
19614
25212
33713
32181
35306
69548
69825
64286
30775
40445
49795
44472
38705
43521
43777
87979
66505
91293
53885
85305
42284
34699
33400
52301
82694
62184
46990
45771
54252
50868
53242
59845
50040
58069
47089
42292
44268
78468
105715
110485
48312
54374
42622
57569
56788
45862
56549
43598
54408
38523
36137
55792
42940
69522
41312
19336
19778
52014
77679
146126
37208
39001
95608
53985
65674
72212
47120
68875
86879
47509
45588
65760
51053
54099
84152
80118
73516
115066
36244
19839
24807
40542
41412
34770
37471
28216
67761
51749
53127
47951
36282
160009
43968
38424
53761
39330
57602
66226
43195
40521
28415
59189
59180
58866
41930
41546
64809
29050
69382
20567
34775
41639
32650
45323
53400
35750
77746
52350
53506
27218
33545
50538
43404
57238
45431
48269
35639
77532
31940
80374
54981
48796
27487
66690
59240
63439
39491
49364
47119
43003
44991
91741
27017
27677
73649
46362
20072
53098
62914
31478
28734
27172
51390
22543
32802
40992
23745
26267
46267
46694
40819
18158
33925
43062
32681
37337
59421
51190
55777
36759
48326
18823
38963
33766
48224
26052
23452
15634
45664
30251
50650
53471
80565
34569
23972
41573
65581
33583
56175
42286
53752
28921
34113
55292
22233
63878
23280
56621
28141
25850
21368
34263
28905
31522
37729
49451
43327
35688
31719
36481
67501
21845
24032
41370
19553
31818
21703
35500
26007
37432
39897
36162
33243
35752
46475
43413
33957
28875
44993
37821
32780
51977
26911
21042
35168
23320
38710
32351
20051
25743
28552
18164
19913
23349
57177
40272
40152
32428
34510
58902
53488
49616
24547
53661
18002
19219
67274
69852
21895
34049
31764
44790
26317
30617
42743
34204
45859
39563
69839
87218
50690
31908
37823
31385
23654
29712
18463
15584
19207
43880
23367
47989
27657
30645
28113
61889
38703
31607
46343
43252
45116
25214
27798
47421
45391
34518
64341
52155
39562
54222
35594
31744
40015
21228
39016
40964
35222
45157
22203
36666
26517
24339
25619
18219
25461
30013
46006
30673
48430
22992
28081
60518
38594
44098
29978
63244
43214
60734
51207
69163
35040
36681
23749
38567
33084
62973
70196
48880
30186
66236
38231
80755
20531
64730
61289
59604
63428
59529
50441
96859
61510
50382
79455
54611
24865
46675
71111
74246
43858
88670
80202
74083
50016
64515
72479
70791
50963
71681
38839
69757
116789
21588
89409
30032
80368
27022
21662
57359
23832
41856
39990
53879
44644
78207
46096
94928
107313
45074
93496
53704
48506
63256
88925
36991
129851
71112
28141
94390
92777
104604
57671
14490
92900
97384
21616
72864
21705
112514
70460
36819
27372
60371
98765
40234
44791
39182
43187
28983
58855
62732
61587
64791
42995
83581
32500
81819
54753
48347
28606
57244
49990
54532
16430
98880
76545
98065
79666
63918
80281
69653
59825
35138
71481
30976
74621
69651
37943
33849
37867
28393
56304
30922
107856
29505
34311
24546
70721
33652
31613
54433
44953
49582
26368
28412
30577
44927
29143
40879
24505
31443
32822
13912
29518
19726
18271
44451
37844
53555
30103
36651
39656
60273
35634
57095
49643
47982
41240
36381
29174
32119
34015
37917
33713
22559
16830
30963
14992
26796
32076
27485
35689
37969
27628
34278
42259
66429
45276
30733
25738
69467
76863
76615
44803
52981
34161
44889
32781
34786
68441
57411
55499
63254
71169
52154
48912
30051
53822
116450
67032
80941
86159
29647
37672
54606
41775
39058
43668
35585
34019
37849
69466
20087
37848
40726
26327
40926
27399
24884
39363
34802
13857
56551
35361
30369
51862
24064
30625
40382
39135
33992
27610
34677
17083
35131
39444
29667
17990
26117
15117
22005
34717
24318
23278
37696
20135
53315
33573
23243
21006
14353
24765
21138
38082
30404
27960
44064
35607
61081
18200
45816
21016
37944
29343
37684
17102
26210
46712
37227
31389
37394
35731
44037
35167
67441
43757
30450
32888
47152
33061
40719
53674
31324
33776
47636
49821
50767
48345
55106
30352
43617
78875
41302
35229
37810
30459
47019
40956
32231
47612
33129
43394
32631
34734
53637
42231
69351
32736
41946
23306
24761
27978
59638
26412
25137
15687
28244
26541
22583
34068
29605
25902
23188
61774
20505
28953
20789
14031
29247
44034
62785
46230
50047
59396
62399
58677
55620
57789
62811
48000
68061
61354
43641
70586
49495
66790
32363
27890
35473
64421
36871
62419
48878
69857
34652
43245
46408
50651
43601
49348
23096
46313
23243
29319
53345
48842
31228
38672
33106
29269
26086
53824
32222
21260
59529
42985
31643
21215
33594
38831
24543
26589
32251
36749
34597
47789
42704
44019
46205
52357
43034
39529
45885
56031
35980
47514
60931
33678
25085
24164
40196
34595
44434
21215
19243
21736
52082
18512
21261
38630
18463
70886
41979
58962
48107
55676
57309
48801
75441
56122
54003
45880
57883
42037
62429
46059
61286
25204
65217
53478
33553
30968
33710
47104
30007
34040
37806
49711
27480
17046
65048
23753
37303
47876
42105
36287
30189
34656
42065
26080
37380
33730
32241
37216
28587
32334
21396
15129
25130
21933
23568
33256
21375
20120
21031
36975
21202
16773
34966
36858
26893
20611
24161
32963
70436
48642
32136
29449
46592
54139
59701
26057
15456
26051
22539
20848
15070
32170
30810
42516
34613
41060
53037
41497
12424
39280
41136
38972
44502
68624
45238
56682
62272
46074
56047
55437
65520
54382
55801
60396
50575
80583
56747
53478
60964
26033
40506
21474
50786
28290
34460
68390
31116
19297
23179
24310
32591
34586
24664
34644
18819
26718
17579
48793
36892
33225
29903
73588
53013
53194
77144
29330
36030
44026
49161
42415
28181
37508
33231
64120
54483
76499
125169
100707
95309
47545
81370
55990
48253
76636
61342
69708
45416
44595
100114
52979
23310
26316
104117
85958
79297
33785
34751
59439
34302
31175
32520
43834
43812
55051
36519
49971
68811
46285
25702
46041
73706
77646
68207
50807
67455
72526
95577
62998
52825
70378
49395
45137
59027
47759
47520
53720
96869
20063
75140
42690
73537
51432
56814
62478
29215
55391
61544
31810
57991
44147
21900
30847
80050
24688
26564
41214
42379
35648
78755
21727
23584
26949
23526
35451
22255
33688
21286
26966
24447
33516
38508
25489
28971
52722
57156
24754
36333
48305
70340
46858
37311
36108
57989
53215
66270
54072
45808
49932
32383
73279
41544
97522
61838
66545
44024
66734
65040
62044
51310
55312
81829
71015
62820
68279
73672
107669
112434
138190
84720
68111
65078
124062
46524
67731
36997
45791
53411
68817
50817
62438
56636
63031
121463
42558
46786
27554
75137
53152
57876
60081
67238
57388
63303
45581
54457
71698
89154
113257
68561
98580
93643
134474
124624
76046
81915
108031
95903
101832
43061
97636
51199
52104
