44511
48394
94496
44647
92849
81364
49088
91851
58922
115407
89806
92201
71909
106112
98290
135199
138353
76071
115726
145408
101445
113868
90222
95614
98883
98509
114510
142446
113102
125445
124117
74633
79172
71473
61898
156474
92271
58351
133216
36143
99707
35166
113581
90881
52882
105916
112425
63020
128988
117467
78031
151596
157109
107550
104688
137463
98979
121818
122469
128874
138338
118349
176581
175007
145875
160523
157349
148159
124219
147184
224631
151607
182523
185360
173465
144413
199521
177170
124755
201890
177403
148266
208201
256349
229112
275145
210294
202840
281684
168743
177724
191901
261568
273456
227619
249855
269928
260601
199214
226840
238037
195843
266454
261336
230959
252095
331160
215149
235012
216749
257844
290990
327551
200639
352634
335480
361436
426858
327479
322962
451261
286335
269869
435164
439157
311300
393217
449852
361479
312907
431670
429056
303376
294458
265647
227289
373700
453503
464245
475745
388466
458280
474414
484744
368016
476609
385529
357664
432283
266741
362054
272553
415704
475415
406882
401308
448586
326012
291476
383452
425528
405271
277926
341716
317516
238678
265417
160080
115780
194829
313834
332741
403114
418575
116913
414892
221684
324377
280526
365189
116312
116200
251734
139939
389748
469936
433531
417389
501703
444123
398728
394672
152798
180560
255747
184525
250238
113572
284954
157733
288211
282776
152537
280397
257198
163407
327115
239480
342822
226307
305609
359075
345758
339004
119969
41515
239332
336513
384458
98337
64276
121845
127966
101605
136428
308553
344518
361735
215482
251934
181855
190794
182160
160692
117698
231629
193318
189794
242455
261361
286049
321222
136041
126915
107076
180186
130259
149138
129569
177838
271675
149658
97971
147669
89739
93910
95770
102709
230549
178310
44498
53864
82403
69996
304747
103093
169229
329370
258896
300244
324824
59049
75135
48074
321426
118926
116900
183836
132389
309948
291110
66281
73575
82395
95861
56718
289563
349063
93128
89335
72067
64404
29009
38993
23243
23144
24040
61156
50555
23334
20178
66632
59356
51414
46684
63531
70742
98913
41111
69405
89521
75267
61794
92513
60290
52103
83714
86197
74701
74102
83901
48339
100852
85433
66245
60378
95597
74257
99563
75731
106681
88143
104775
80582
87154
170512
157026
118442
137303
164763
116796
128742
109547
101362
94232
95271
90609
87586
107862
127235
104369
58785
98971
115517
130816
107189
131789
107921
145937
167414
169250
174965
133427
121424
165101
116575
150411
120497
197150
143396
150098
147059
171320
127883
125184
168336
154167
228996
193549
215223
213836
233885
204082
197531
180048
178469
114615
166382
198149
192505
149098
193971
205536
162406
219696
202426
214802
168678
174118
194625
190807
208739
240830
189760
222755
92667
238051
197296
261162
208778
226506
164460
162839
161734
129404
195573
118248
244025
140798
158616
198979
160750
154958
171477
100917
192871
147564
205514
231361
164753
189808
237806
228989
201688
209819
159442
199754
154782
247148
176496
152255
125697
276986
166953
123803
64992
62620
64183
48514
173972
307778
295798
244183
311649
299640
288271
126892
207956
196596
306106
303896
120438
128787
133078
107873
158041
273866
237197
228629
169663
138855
176052
210637
100093
150356
122632
305431
200845
307585
294642
134998
313485
181014
180040
194732
140784
207394
153094
315746
222686
229948
136475
180424
134299
296609
212183
304903
247130
180240
204500
136731
145053
188651
129490
87018
138357
76927
102109
173596
70493
104562
223881
119719
90862
114567
160673
52057
140151
262714
105794
154353
157017
107526
167600
84795
162898
99206
95390
78435
171167
102938
149958
174678
157707
100383
97253
129467
68349
133905
126239
135656
71856
24801
80389
119334
152938
171654
178287
182714
160652
151364
154019
99152
144232
112061
190845
97001
113667
102213
140953
181900
180880
30764
75626
87877
83118
90522
110030
14895
60926
54041
132169
134707
97155
109925
53819
59161
146082
103540
83732
206487
144062
140261
260783
335214
195529
192203
210121
253806
236078
228682
214708
318367
239445
309334
317182
265200
252815
324647
153918
215742
279683
236014
212191
305895
126344
168120
131730
178514
219243
230040
98589
270221
205091
269257
144976
249821
239589
253144
244923
257247
293150
158816
89367
217179
240616
294111
277583
226025
243102
132472
196339
184400
148121
179613
347165
249639
207384
200226
168910
207807
220871
191886
183621
196822
148361
178518
155173
212921
183292
200322
209262
142830
314025
199827
194183
176822
186960
119616
168373
157684
100520
121489
122510
158686
236575
208516
254679
177851
226258
248585
325029
280203
116770
177040
185306
174824
143415
153726
330740
233625
254289
346535
253182
265919
283043
265577
249116
132150
126507
144935
150791
207135
115010
275528
166712
153353
175851
171876
170460
345160
121201
106162
160977
135626
130537
156578
152185
119277
143371
76639
103450
180056
144843
152700
100357
168236
139964
193851
122191
95469
97534
134411
190300
136445
97767
162037
102753
150510
97925
189055
163668
166629
108190
211036
183458
197230
149220
225727
205442
151979
209725
207130
197617
144711
137212
204499
172148
231448
115573
125446
178153
200798
195814
220914
231395
213876
181424
321926
167649
207205
210100
196579
150216
116693
141407
208415
250719
110060
187691
163022
105072
218317
146100
133522
159255
148064
11607
181779
117218
113800
123047
23163
137450
30939
39109
61497
147967
50420
284140
190568
163604
352788
351349
288766
185299
170911
171928
168026
166935
336294
382961
424097
240031
363286
412147
248300
269853
267228
234965
215776
213866
281312
265197
235101
447718
266690
307930
307590
246652
309599
175133
278490
240760
253521
322513
143603
189025
143726
264970
259848
283498
256152
164304
256749
154019
271403
310907
222488
315743
259247
284474
292990
177119
189289
306785
298432
225603
305062
177818
107891
235619
262585
233889
123929
207546
207633
106604
283285
277402
86451
132926
286737
149278
80494
122468
291174
170001
169650
80356
190141
145523
162681
106441
160742
156075
82882
113707
302683
130246
118346
120228
132975
89685
128521
88140
342539
193762
191693
180861
147043
121613
180531
169079
132971
107063
117636
124759
126148
134452
169540
136632
143742
136093
146277
56230
87476
148414
83756
83680
169624
81308
149658
272764
181277
169043
197782
163381
157702
176768
153496
211549
140237
79275
53731
187544
119045
130326
162584
165792
152801
90725
137844
178671
113005
111269
123750
192873
76739
108969
95534
98346
193166
59973
118712
171031
127762
192438
63210
123153
242555
214273
121160
245671
166469
218563
110141
115304
113156
169325
105102
145630
149111
98816
209581
98559
148160
232719
186701
109319
198555
168872
166606
172327
123312
102248
93634
144849
206383
160195
119605
110635
91892
115307
109923
78998
106152
85782
69195
75075
77261
68108
64178
62472
123239
112534
77052
103786
128384
71832
52866
104788
70627
54955
61279
97877
92868
77642
145901
136562
94468
99335
102342
183906
145307
188124
224699
128353
86868
125949
165411
134540
116988
222511
132555
121403
75888
80021
90716
104164
116446
114760
111079
117809
96554
145140
152646
100831
52546
32284
195673
183026
172790
186293
185895
182656
176781
78787
113169
122611
98679
124915
135587
116701
129397
141528
109219
50387
181917
192579
212155
182286
93820
196865
183026
217305
106102
179045
241648
214044
288402
211913
274982
243826
266325
296809
240367
246205
233287
258259
203255
233878
226725
179657
199912
186167
133550
168873
215514
201529
242524
193439
245379
245666
235502
197375
193766
189332
28794
264868
279000
266124
281653
276785
239317
249000
247168
86839
253409
86998
65126
67067
240297
120890
141719
273634
140034
375874
307366
143656
100615
163544
129157
97215
133232
154771
218517
84106
102608
176424
131078
125583
126296
174457
126473
146408
145083
145126
191678
158429
173403
153927
200165
201122
99642
104736
104355
95059
143686
123219
114531
113905
146372
137930
78645
74308
121233
131594
24741
166096
45381
179514
112137
148467
86981
163125
140486
190462
69637
65542
77014
101615
107575
77466
179882
95390
168634
115920
124459
84406
88587
95512
169813
90903
117356
67026
116735
125950
54736
55635
59236
90098
88159
93966
104679
108393
70725
79786
104917
102046
83672
65961
70851
86344
48251
54812
74832
61368
70753
90604
126957
87779
64750
76276
145445
143821
170849
123108
130687
150287
151606
111581
101311
97000
93772
66322
119819
149034
118057
46353
124489
52072
120669
138314
101964
128598
102163
130849
92478
95135
83975
91886
96896
120545
117873
129689
153184
139865
191402
119571
101465
115389
105958
109893
158237
39398
34180
119841
55386
35830
78166
50454
44635
100197
139388
80673
88134
87782
85643
181812
75642
192695
54663
138010
197977
139682
124921
105384
147351
134481
142519
160257
128736
125985
126215
117854
141235
133816
127586
99798
143420
117118
106167
135087
131575
92007
194944
108956
122090
141016
141401
126226
73717
143908
207852
181028
96495
66783
162941
56586
102851
149648
147737
96719
248098
157924
199380
243947
65309
217969
100064
85629
135631
225736
78365
201934
213316
197654
204749
192832
107952
73189
244121
121608
89646
142675
80411
157808
137933
226549
209377
88085
99141
74215
68356
132597
74953
67695
62044
64388
140293
66875
113116
114449
31579
32139
43821
65675
69544
94639
132548
182391
222429
245512
211888
135259
191324
145985
228707
178458
198450
176158
211561
87681
183022
135036
131790
157755
146625
145076
132009
95360
143639
17695
125157
94298
145488
142235
152513
98220
62986
139574
55313
72339
46722
114000
104084
186405
162115
140859
95460
103516
163141
140411
162690
169547
180109
186781
301574
149308
280921
125569
250414
135634
151349
62719
49234
62575
179724
96832
137286
171050
194364
244643
253198
205235
213116
245617
201499
221689
233571
198516
252756
212782
200826
225890
196236
129861
253869
252898
160886
133589
192273
83519
180973
96507
95465
121182
127438
134257
125901
98197
286518
32813
81350
47489
150729
159426
199567
158237
137768
60848
31680
110033
116624
175850
13914
153560
183149
190142
168034
194836
165525
304636
196253
105003
101466
69694
83398
74381
116538
100183
108779
132315
201430
143343
205904
150569
117586
153719
110284
114236
115461
112673
204215
70317
174327
82091
72062
163580
57739
194061
168665
178726
162818
207657
135483
140479
208714
74900
138962
144463
96318
115306
203935
229270
139482
138693
120268
81642
90402
129035
95592
104192
71247
101989
136628
152052
140935
133590
90133
142151
172742
210864
206555
168880
205755
214015
183653
77794
181470
106039
206776
159836
150844
155249
123019
158175
125937
150180
92717
112899
133004
185073
111721
156168
105080
123845
108895
22147
105420
152029
85219
133396
86655
80214
58602
129340
122960
138220
127678
93888
50465
150947
55766
121615
73717
79105
149945
138538
151549
76173
85952
73706
81267
17960
71534
55518
58010
80050
25463
78799
73063
21584
61369
249364
63942
124610
82008
183207
229644
129430
271716
134179
108537
112155
206799
221734
259453
276499
317350
218686
259608
288052
251272
267043
126184
113207
303459
133648
302937
89227
141173
113577
139483
309989
359484
156369
108175
89988
226270
41353
80938
233477
249679
259895
202229
270518
195886
228119
225134
285634
232221
155503
171249
138454
173140
143564
114184
133209
121535
106783
119636
113648
108899
122814
239996
155501
120190
238649
186949
35401
118415
246804
216369
177546
182081
126229
220183
163886
304101
197784
259706
174335
220509
151547
172794
164929
114824
124789
201683
183008
149414
298912
259920
120023
218862
152728
157092
171972
201475
149307
218000
258383
305259
178095
220421
236889
36909
128471
139371
171051
71379
58034
55500
47227
195384
50657
101385
126635
124306
118638
122876
95376
91034
113668
103837
117247
118845
119443
113321
49311
106896
95002
370299
404723
83003
136206
408634
241079
294419
309329
435456
283309
285557
266992
318248
237974
263120
454826
433793
249674
443178
338013
333907
420078
426408
265680
324767
276796
254642
455693
296466
148817
127104
151442
161486
188742
164194
131948
151709
184245
295838
303500
309285
192605
183790
307602
150762
166781
344592
143650
168746
296038
155685
412992
146235
346829
411196
79160
123479
127238
103192
110790
180008
185515
152089
142471
157228
142302
137479
221870
64779
75532
176900
204028
93079
97158
107870
43873
113544
74149
105836
66191
58215
164352
135007
78471
319554
244004
296519
240191
313473
449437
256952
94553
154060
102321
111404
105348
169424
165703
114226
117815
486042
300646
251419
313031
422194
479641
110566
254073
110294
295358
322856
388419
122095
428035
103229
410504
499895
112008
124733
470789
136921
308912
497258
272535
158898
438700
160944
495713
443269
234063
499266
267674
367151
371270
446414
314620
261711
210013
469875
347388
355630
239948
243306
384143
432161
64866
132259
120701
87187
131286
98337
265585
135162
151261
246490
248628
248203
93286
211577
208960
156366
196849
289602
216232
202114
171484
291605
256962
296366
250229
334942
340279
346920
117750
164625
293331
217189
330214
152477
142453
175152
191760
182395
152629
335882
102966
97303
89323
105816
92445
125634
152869
251236
143461
245309
195847
188058
172933
211638
67555
229328
102183
80134
138731
104131
146781
235152
263868
288071
184095
213218
337039
248926
253709
292789
142445
351739
176058
171638
186750
172736
102735
180581
106739
57197
152775
214427
167747
87754
105466
204808
184535
226611
93440
212711
74164
116637
89575
80839
120836
152649
183221
166206
182193
195186
101696
126362
113925
173953
166597
242536
188814
92912
99267
155630
152194
95684
139341
123783
112379
175155
268659
205489
213102
194647
161532
287436
252325
227188
194454
239619
301212
69473
224396
272904
298803
221466
144736
104927
166592
169190
107776
224318
143945
255989
268186
272043
296287
294745
155539
189043
117773
121985
137296
198853
159693
200591
158263
170073
188626
166301
178772
192051
166956
260762
211892
179352
327814
172167
228569
199092
294158
232387
236390
209576
286609
273298
254644
141233
302994
290211
266806
198647
265367
76161
237726
137554
195850
155534
171714
154042
246872
322183
187388
126187
157587
199777
53239
191493
130861
86212
168498
92727
102476
222210
218254
130440
231735
243859
104035
125710
210314
214346
124758
227427
207927
234849
218451
33817
79742
62927
252935
255368
221731
227709
216457
218168
103830
96293
135928
117212
95724
165072
148064
123153
250972
266933
240809
252214
85073
103197
127612
187165
95236
75282
77095
211660
269344
286619
256131
218826
307041
185616
101630
139440
146600
61855
90148
57711
96742
119793
153037
131389
147551
120086
126505
135854
148983
189161
174756
92445
174043
229450
193696
271491
192102
367079
238139
298753
195798
346462
112596
103903
100207
145808
308579
159000
178896
220949
254661
215634
146862
323640
342857
329759
142945
212935
367676
164293
268210
93013
65995
75455
111533
119775
75955
117254
120613
160962
156752
154610
165261
122743
130436
121489
136846
157643
138786
160242
145127
194032
174450
160024
188761
129368
145350
143651
69401
90040
131565
189230
131660
134313
95145
103428
102269
60174
120811
80595
129352
108428
58877
121334
114654
112969
158568
125359
140868
172511
170107
191643
115964
91627
99442
182157
127559
77009
152272
116357
124955
118296
46886
52265
51448
143473
77630
45461
127523
135402
41092
37538
154698
136210
252903
59538
76518
79377
84827
179761
147762
264414
177371
137946
72778
31096
83496
76736
59579
198023
213308
150264
82542
203913
164651
201877
104942
209004
187690
267741
269482
325593
133570
292426
298324
278561
122245
142648
237125
272292
96675
247140
225076
124838
119028
138907
120442
297360
126436
235234
132296
94899
301036
283480
285533
117258
360961
345665
197688
359358
290228
111854
228423
204904
190440
358647
293390
283985
119143
197749
123830
42867
142874
171174
90712
65659
52380
45124
90527
108559
124160
47845
22988
13995
19927
291448
182739
58976
212980
61298
269414
215312
272279
186467
292546
278335
141610
191234
252703
212141
159341
228696
225917
207458
197541
290937
113866
159325
165755
135711
246359
184450
150472
90857
213132
100395
160178
149339
105382
190096
158544
201343
41751
154589
111026
157799
143264
94341
116199
85794
219032
53012
173143
233118
93538
115464
111451
149544
147403
130028
142872
132555
106438
59861
50210
41091
76117
60752
49266
51492
86768
54515
107216
150592
125314
84228
115662
130570
75317
105528
129660
79994
73380
87958
127820
77637
139851
216342
136399
356146
331473
363901
258592
353281
246737
350363
112546
129005
177953
145884
28041
113212
69443
53124
51605
66509
143836
107629
72458
170642
178506
95833
167823
123893
116057
131043
98172
132639
116588
126788
119405
191117
123504
60340
101232
99781
138223
165022
118909
154927
56711
140578
112940
209196
185330
120135
132894
202913
166208
83668
129642
234189
196675
173095
114512
137040
175287
211711
147688
168003
124418
145714
144922
214583
201076
243150
105227
240635
283074
184660
295599
284116
55613
146229
85432
78748
92806
107657
208719
204098
81594
138970
155706
154396
65227
73002
114809
97531
123597
145110
94625
155503
95295
148945
151524
193128
189983
156403
180011
154234
168266
96174
66842
110598
108669
112804
62410
295418
88100
100506
89200
90930
229125
157798
143134
157653
95180
90519
305918
138256
167040
162391
90326
91562
128049
220572
351696
386739
212249
204658
255393
394270
314265
391653
199205
237769
416972
321154
200442
212559
229016
254173
218457
207105
199179
370712
314611
233822
210574
241192
339708
141897
190657
141234
105675
149741
180273
33968
27423
38687
39327
39439
182355
151120
155384
161792
191334
207231
208274
65751
63776
25785
60551
170139
43668
55414
43700
20789
46607
42026
37553
184160
23560
70807
60392
69668
65300
48735
34985
59682
47234
50285
75155
58706
61015
57734
55853
70225
72113
85640
68286
77591
75800
97189
69060
119457
110348
93236
86159
110604
100250
105339
65644
101799
68465
118715
126711
61731
124739
107910
96449
116795
51080
73922
40137
16803
134466
41375
41205
26438
23195
33206
82717
53638
85293
43128
34163
93545
93329
76683
91969
53741
37438
63478
51842
90665
107694
95399
82003
178097
83973
86241
80719
72530
169670
57346
78707
116127
117146
54574
65377
75473
47322
54150
59906
54148
80072
76247
118139
72927
122491
148493
120062
83033
80547
54615
54514
47526
52370
66577
81000
134166
85824
69774
142159
154481
124977
117186
89370
105223
211105
111656
70324
119182
114942
186739
159294
101437
97621
92469
83091
42897
71614
103695
107961
105918
95680
67497
65077
78229
127008
71580
63596
53748
132903
105219
83286
70746
98621
94175
101590
77019
144364
24291
50960
106434
67552
99208
82009
52931
66177
74452
78699
80677
72440
51953
58054
91341
50737
82250
61214
58886
42217
49518
71418
51672
59487
67121
74502
51423
79211
85192
81925
73649
93505
50906
64456
79218
54488
72968
61965
137618
52919
60701
70741
63308
85903
75283
66079
72824
51858
70265
104578
53701
79519
99470
49373
27263
25425
65640
110750
73983
99831
96894
111004
119408
93288
74828
28770
48263
72592
91352
133167
83270
92080
150488
107969
85811
62435
76961
79772
95185
91863
84826
128018
121285
71432
85873
81669
85362
71697
84209
53975
41332
134243
99029
100402
53370
104464
124860
80722
91737
100388
83741
91749
97779
56008
86319
91826
40077
46483
36294
130225
138247
72902
143848
113910
74258
86271
82882
51172
43761
47906
66548
64396
44865
116650
61376
128120
89452
121628
89072
99142
92766
97263
85104
91666
151646
163575
161781
114533
153773
104405
106268
116974
79717
175415
73276
84215
130800
134414
87908
76890
65365
82425
102468
82309
105445
72778
69763
73130
182246
108443
132579
122700
134622
112979
116608
141465
95740
72898
123642
53363
70245
38112
54686
55910
125136
55099
65001
47172
55423
88400
53614
65051
55341
57225
48953
100734
91323
90157
66435
91071
124522
70774
87900
64025
99821
71864
65442
75094
123828
99895
108028
158352
144311
56410
132449
104615
61423
72898
131293
126243
79706
96583
85305
107651
99258
59240
135374
149412
77104
113470
110939
99860
101237
110317
128528
112792
101634
99488
95580
50176
45515
175862
39588
31457
54626
57478
56336
21654
34884
86880
86906
29172
20999
87658
85793
36285
24248
27708
29961
131461
127182
136851
65688
55834
40777
56148
65301
29775
60885
25036
57660
42750
12559
118014
18146
31884
27178
105375
102030
36758
46515
55104
20628
27142
49529
44992
47420
75491
86982
76448
105391
45903
54279
43315
70382
115467
119704
104590
106871
48867
109992
140756
136794
133426
131691
148013
81504
65372
104695
104151
124252
39162
82874
83136
80464
44203
90352
189132
130876
85434
230658
163842
228438
231312
256657
237586
169295
132173
248499
270573
191728
243970
174991
245879
213154
238990
161529
132322
161570
135230
153092
260154
294462
166364
196907
256467
255162
207079
113424
142563
77433
145835
146209
137861
174670
156746
134252
146147
11950
25407
38503
25135
42595
40919
37253
45790
143448
41885
29633
42712
19330
68109
40814
33099
22972
45999
18666
38601
25474
28639
45229
14410
39037
91578
33393
73354
52040
58363
105219
95322
79034
72288
93025
63739
68054
111440
59470
58021
67313
126588
12457
72363
65778
15405
108431
33750
45690
67659
62173
39808
47461
61648
40270
91292
25006
63451
24148
48318
31704
90941
88428
38881
36411
33016
63210
75646
47238
62317
81438
50963
49116
87294
118287
59913
51298
30015
42933
46303
48653
41110
79500
53523
71587
38074
61281
56496
72492
101233
114424
91039
100730
75097
55086
12474
100193
103555
140524
148743
71811
70602
179630
162959
133041
150339
154943
80443
25466
129895
35381
129237
126306
50220
151980
138950
67669
63116
167364
67170
64975
71427
111878
97913
120281
104612
10679
122856
98068
90272
45229
77515
75386
73468
62812
120498
128681
129889
68677
80257
70712
68133
129053
132528
65338
105236
61575
129402
67020
11817
25959
118218
144769
43299
36522
52706
23699
14542
201098
17867
135347
189118
207486
134561
178405
170518
140709
129050
45927
65684
38753
209404
130488
142114
146278
150072
84434
78775
82356
152067
81745
117055
137849
51111
123176
172463
102672
58662
117904
63516
65495
100612
144747
59262
64132
55036
185275
170791
58960
112439
115799
97121
96575
68686
51169
118657
103736
70588
159654
125249
60498
64967
104579
53724
50694
79577
69061
49672
51960
95080
45796
61433
62413
50459
82918
93071
72322
99898
97598
19638
114615
113323
91068
74691
92405
117889
133658
142018
161859
139382
92410
168833
159686
134129
123313
120998
136069
140033
84371
90196
132885
129907
88318
175407
100265
139019
115443
95400
89564
76832
87046
156514
159260
165432
120321
94684
32636
103980
159087
43482
43814
99045
54070
212094
208005
192179
205749
171912
242507
108633
152774
114896
120708
180905
63729
46921
137942
128307
74056
66327
125320
130257
150597
49891
60174
56260
58016
76237
39787
120715
80001
55420
92524
67681
71640
44413
122346
116643
135663
45738
54792
84681
131213
44388
44830
88973
75379
110469
113289
106741
94686
112575
105495
62163
56627
84460
64961
62127
47259
55252
60707
113854
86377
88338
54283
63449
63746
34695
69838
78008
87358
65973
101179
46933
63038
87288
103489
155844
153282
134698
129680
143479
131125
108613
153488
68390
44679
106159
112508
93817
90551
107013
74678
66005
62659
121492
107589
82578
77991
102811
107327
64848
42264
106415
55861
85774
96971
122939
86984
81304
100035
44040
122185
98579
65359
85604
90508
124193
134573
104057
117645
90831
77711
97020
69525
68222
100313
66217
82520
76147
62316
94011
76684
83009
83891
67352
58320
81938
132316
71381
119958
66086
89962
116127
102466
72342
135756
111319
41443
19368
47192
50001
65058
80191
127356
130827
79624
35820
114072
43147
53315
107969
102004
53017
80268
63148
94835
61900
83869
69669
122503
72605
65072
82737
130281
96919
37644
46074
101247
63567
139136
44371
116596
62232
63431
117496
49837
64505
46487
65680
79575
139289
90555
91561
90854
127370
125084
65940
73221
45311
154900
140804
152937
84258
104383
88460
91702
74223
74267
25410
188751
185483
200787
153213
164362
110733
152512
108547
135835
179183
171784
194790
146368
136191
140532
149510
189757
123903
176948
164864
200925
197682
214411
96983
206145
179717
228380
190040
175557
219355
154127
200455
169314
217272
159394
161242
167445
102116
165670
113369
100096
210163
199788
180282
182187
205595
220079
281372
202548
224987
245623
229568
253151
194630
225454
187508
208017
158494
256471
271973
242154
148906
118735
162424
155527
132711
181300
179884
187617
92965
124815
195174
100724
202402
160401
185824
201302
178284
205368
177844
196054
102484
210181
163761
142018
90798
189664
161649
135235
120483
176354
119773
139960
95825
154721
186867
131273
123455
103416
191795
103622
83027
150379
24934
108130
87162
110797
123465
210674
207765
31617
118580
215547
185370
208744
221304
227530
207750
129940
193478
231956
190340
257749
66879
50938
109525
168262
93040
89141
81086
115394
106927
102772
75053
97534
109554
95837
112906
121556
67870
114055
81994
107516
121784
142906
161291
113232
91455
169849
148847
91874
110939
140419
123425
73470
187307
87399
55322
81885
111156
116183
126243
108223
111867
73585
93305
128545
106219
81294
93889
129648
89712
151691
127582
111568
95140
76666
99436
59444
50260
110179
96361
63205
66079
65782
121393
51428
46013
84824
113960
71033
68019
56630
74308
49436
62920
58946
54415
60984
68987
48048
38479
72622
104989
103456
42957
99559
88090
70882
68990
39600
53381
110858
62877
74531
52290
70486
118934
123068
104217
52206
92831
89968
85013
80270
78372
81293
133677
68230
135535
79804
78290
139717
100316
85215
88752
145738
132928
97782
88688
133678
80431
89735
81916
90479
40657
99932
20666
38665
141070
144391
97634
25622
26745
56611
97454
97427
138545
52803
105270
99691
115408
71522
68047
70145
74350
103358
86313
93640
34940
165725
39708
83183
89031
43403
41104
46167
32003
70650
58564
74809
75029
104444
103906
59488
99220
79479
101867
65997
94092
126764
89624
38549
49248
38516
64891
89280
16760
41088
87640
76777
59346
83847
166320
133886
112570
124654
30231
128057
145458
139601
143579
84029
70650
64228
54455
78978
88715
46917
51713
46874
84520
45182
30232
47843
65817
160705
168352
173887
158657
162110
185585
200855
177293
167275
32488
198791
172545
184866
142313
153278
207780
171949
192978
177161
161953
157659
111128
130925
143006
47707
83631
183597
75557
29741
115128
117279
72652
81869
281503
304100
117938
137021
224555
170669
234646
179060
253686
149707
242242
143496
315904
138259
143417
168637
158544
248308
210165
164175
133978
211543
244616
100567
204889
226851
108488
124441
155117
96588
94708
263089
242510
196619
137100
215846
154926
145402
160954
201812
147944
173615
245982
188787
253204
158327
166068
179813
186958
113178
144054
132214
167093
182053
154694
145475
149491
181663
163139
200194
179360
148836
208472
213716
225876
169942
123653
151513
239678
208545
212359
156504
177912
116672
118374
129216
217153
183365
220699
163575
149310
162160
127952
141540
64813
78029
60670
54379
75096
193784
283645
171577
198026
327694
236690
151896
209966
308895
248029
114127
185390
143007
198420
219961
119007
235829
123390
112822
208191
211458
151382
178331
91697
104183
230407
150162
191797
209214
246657
168877
340974
154103
178406
176174
125443
153119
151166
141788
170464
175448
124305
148512
173227
100310
47690
132088
148588
139648
157461
124835
46866
42594
128853
130233
147311
141565
139224
111919
129147
35540
71887
40983
60478
64530
76468
62387
96710
49970
53924
57328
88863
187878
179403
78833
98782
115867
115585
71499
132322
154787
164433
149102
151128
149101
112316
135550
174234
163184
149812
134406
181330
143109
179374
183556
197922
194545
65185
97179
59860
152074
80837
158965
26673
163749
96675
77399
74023
55795
92484
123788
80354
91991
84086
172657
139127
117618
45663
138331
28683
72926
50242
97335
68874
118573
47263
83234
64475
72606
91152
82748
72421
54939
94824
66771
47044
55716
71197
65121
69014
40315
46791
34606
28701
72939
40258
64299
36167
49307
47656
69121
77205
77512
60360
74672
125768
126966
125072
83546
63108
105794
50898
81027
41100
99453
120875
85310
80730
129557
137479
145341
72155
78489
75947
73529
67664
132876
140360
122516
120891
192921
202953
235220
161098
157526
160125
134049
74334
100774
139925
99294
102758
119127
115478
135488
89962
101019
108430
74185
155562
58314
14483
19541
90019
99829
60980
87112
110136
100173
74448
78612
122401
168927
166635
146786
149476
174315
151594
155232
47037
46098
85329
90713
70148
122315
107240
83646
160019
71537
96245
74507
126227
143996
106165
127886
135338
83211
119776
118366
114565
104663
121292
107327
93573
73793
78240
65672
72942
105755
62785
125041
117684
111460
181141
217147
188221
168169
142267
289787
179061
204552
243391
222637
131112
140772
216555
189273
169069
205746
205240
173760
184051
160793
191242
239670
197656
231639
229313
184070
202182
166079
118221
145540
294416
162961
248944
202811
204321
237204
221403
263013
214470
183039
241321
204833
247609
245718
228659
225189
290362
285957
260551
284072
305714
309852
258239
279125
269194
261665
289369
258225
262473
241070
237592
288549
306198
286688
112941
256915
281363
277546
255390
221505
211532
231824
235752
201225
219227
213903
234922
229114
255673
204926
166870
137465
203033
227401
226642
332532
200232
233268
355372
210197
223128
241414
328971
215008
255130
218821
199517
200709
169493
94423
277981
266083
211396
302675
274392
310642
222395
123708
176129
180708
245182
324423
332990
114248
310439
335382
224900
189506
279633
263188
286857
220980
168607
222380
224850
160432
173356
138755
134644
132863
141170
96098
189744
242363
163470
332768
207576
189283
194511
218794
126758
232413
207706
132096
237654
252889
228515
224047
173389
189265
179614
285463
296041
253698
193565
197611
213332
196148
159326
149236
157911
189036
215965
386752
198559
153691
155525
161547
69470
168697
200963
155364
76687
159909
234544
431975
206709
363395
237211
288323
284944
401606
325642
327745
427325
411695
345581
352502
347838
280946
211202
363425
236741
218658
90875
226173
256529
296009
216634
125920
244875
143698
270080
277260
238247
240486
185454
51698
109515
81423
124828
131631
76076
62131
107881
175258
199398
109172
91578
158039
146049
179412
232608
164722
113361
105380
47911
212923
72431
89211
95900
123993
169311
97490
91981
71296
132295
169358
174573
189710
107510
95311
99681
137332
108581
126450
82754
181192
97950
93457
99970
98464
110371
107390
91819
130497
91391
77330
35290
31193
77578
69369
151074
138812
77050
97113
96844
145963
82821
157679
140222
153045
106930
167041
181415
96746
146605
75227
66772
77250
53110
61867
89581
55079
98933
168260
59188
213973
129128
152245
114028
63160
121410
69815
62050
85084
179090
115828
211324
133377
260472
125132
106270
89570
173702
169653
101249
76069
104760
124907
110893
173055
101338
131034
133255
61298
29030
79490
136285
79656
113262
89077
83875
170060
72469
48376
74887
89258
92011
87822
164091
125798
179997
136248
102462
118924
76793
74235
99893
94538
70616
92760
103363
22713
150083
175201
191494
109733
76954
160681
230825
113010
89156
85276
190810
209409
163295
97578
127478
117928
116570
91902
31952
34032
157341
149296
159982
184478
150403
105156
183657
93821
38591
110094
123649
85025
185013
169840
102872
112896
161364
136578
189774
143224
111506
93571
21277
234785
224084
231595
234618
39553
102995
187458
161881
155181
224619
100838
224249
189597
172375
63752
117158
121431
88904
103580
102343
82732
81050
40991
27891
31203
96607
99888
106313
60341
70151
107875
82202
62939
54917
42924
16412
118286
70580
196183
181211
112451
73569
49578
95701
92441
64734
197267
234437
233402
313859
222321
331729
325411
52099
233050
84196
192476
82492
69995
209252
230493
217158
88005
45898
92110
52255
62018
239779
267712
117847
240730
341611
119340
224036
280382
159421
249077
137657
112028
190358
188574
96855
175234
123946
158362
82733
52355
222288
166271
70567
50730
36841
94211
70741
72663
52872
36987
99260
41804
174204
80392
165431
164385
178315
245156
146244
182372
139953
55435
55040
60665
123061
166388
103605
153406
105402
77560
66612
74443
67004
78903
89740
95190
164739
115340
86330
72721
149893
148160
107916
124774
77771
123741
100060
138090
101268
109749
104731
55078
145057
156677
133353
89729
94353
106817
116412
114959
185473
71923
70769
111837
111882
138526
98214
100251
57561
138789
128528
136042
123767
132406
128432
133699
197220
137963
60908
240535
160360
104405
142746
119278
124776
52174
56284
159452
209264
170041
121045
102212
90837
102659
113212
168735
119823
210093
203569
214273
201917
199799
176935
112295
108450
198570
115119
142098
199333
140273
128238
179149
94162
83776
108213
222214
83409
105731
189498
192074
170748
107551
99257
173689
155437
161940
170609
137200
98955
159718
117326
259542
219281
100745
22991
162354
382216
125157
202179
225598
222059
167249
197747
117425
92331
76846
29396
71553
81365
52351
68500
160842
47323
117426
253514
186894
53942
152224
90170
164564
287418
154189
204095
120431
145255
106039
126052
166489
151872
93901
161975
124921
259197
110464
176712
123191
262728
165490
49715
122109
132647
194388
170740
126024
63886
95951
119000
120270
90004
82543
125318
102854
95861
90786
47057
54134
82846
150127
125693
56120
94360
127399
70476
125106
55271
63236
151069
74761
90048
80352
43181
46711
70341
60772
63166
157045
156281
120451
198976
125022
163107
169565
96420
66824
139514
71383
91695
80365
68399
73392
86533
68970
82222
90940
78476
59659
46852
103251
53344
62271
60458
64124
69495
47908
40876
45841
86886
98883
68000
55614
22611
27763
106200
109125
46310
43957
63832
59135
92070
85923
43278
66813
71445
110812
117156
104487
107058
68755
66702
77032
82641
75430
89901
77677
51385
80697
77746
115963
56514
58392
83750
60298
64625
57609
91560
109336
96620
92910
76858
82815
78563
46489
27866
60232
44232
56339
61904
48191
51536
76444
85102
75273
76778
111938
71064
65195
53641
38891
168062
189766
85624
104791
91001
114893
101583
70180
68032
104491
120728
89501
139895
122068
207287
202568
79102
89690
99068
114977
137005
112839
159243
73311
100410
86231
94200
108370
170344
131574
108448
89187
143655
120602
122676
88935
98653
114947
100357
107624
119248
95831
112206
53766
80127
125834
15018
23420
116066
126579
105160
107543
171992
128403
131219
91700
118571
179959
107725
159676
115330
178402
103726
88685
189652
108174
140057
144214
116886
141571
92924
130456
150812
136820
136410
107988
107521
125494
109106
205897
178690
59664
186381
172612
174950
172625
36178
17260
56973
123060
73890
27239
129551
140347
145368
114916
140506
70527
72719
86601
109788
105971
179074
179374
92150
163892
186629
92865
45200
73452
153772
90632
151703
144776
159775
130424
119205
129957
161173
196372
126723
111734
190551
193489
180975
52821
63665
81445
90830
122904
140410
153607
135531
158616
165693
94435
54760
124248
47668
47385
30119
153121
155521
186464
136937
53167
70912
48125
32799
192540
137218
123605
69906
180731
128045
31806
51574
59195
62034
21399
22905
152268
34887
18915
81109
56123
112349
78464
59341
70304
112070
76715
113839
133425
132508
83282
69358
69832
99181
96809
88631
108833
19133
27230
23167
19487
79397
18286
32982
37594
51074
41265
64329
67664
95498
115342
81481
116805
78223
85330
80494
66054
42137
30126
78444
119103
129316
80748
110396
43955
111961
91784
148434
151948
190310
138465
150001
112765
104422
86281
98005
113572
91558
95535
157537
157714
100393
97475
147883
163097
206325
150528
95743
89510
93268
93897
98009
95670
147290
94240
17283
19870
117598
20329
114604
33178
43826
124862
34697
31283
27534
28426
28146
30573
17535
25422
48523
53917
28131
34169
42525
7449
55881
59684
49368
38470
50071
34013
22678
20850
41036
15123
12045
11076
41002
19612
11901
11827
18236
23293
17254
11272
12101
84868
44715
33611
71387
73813
69684
49322
9268
36246
87314
13657
140555
66797
108660
118594
111946
106850
117640
128819
134978
115586
80215
78492
122429
115702
154976
147367
125716
73330
14553
87466
84024
18696
65491
72647
72188
95970
106590
108110
70943
102210
112055
171968
115082
15121
21243
19792
113579
89803
94236
44167
47710
127102
53176
40033
50932
43844
21882
35353
45253
32651
41772
39425
68160
79086
39831
31082
66093
38241
58211
68246
40588
84561
87809
78053
78019
185774
66685
69504
79050
37807
52975
53080
32293
52359
47389
75270
118829
113501
40023
132529
63527
57699
95033
52429
104496
86920
59829
105437
35600
54437
57881
53481
68636
91584
75694
63002
61946
59661
77361
61039
102309
150695
90357
30274
75575
68145
70251
72001
49508
16795
32506
23644
20477
17930
97947
110018
127049
112613
61999
111183
140794
68987
61625
80547
54816
118969
123643
126607
113000
119468
82912
52802
41539
55686
59678
28965
40823
45988
48710
39640
25534
39946
120092
48653
35322
51233
58672
31050
29379
165679
76083
39286
104253
162224
29130
28529
18682
20241
26256
25268
17310
22677
20023
30089
21076
83016
77159
33306
23779
36322
78417
84614
69476
113213
39960
77494
71145
83807
53852
56605
121032
87806
161705
117821
123820
148013
87764
112462
18552
97390
142265
138996
20485
94970
120921
86482
88234
128809
117040
61081
37985
113420
139459
60628
110138
116539
143166
64252
23843
39591
52411
84983
44371
64181
70291
42553
148129
60401
38202
22767
20811
13241
62938
29592
45368
66292
31743
50850
61432
15568
20556
42410
26183
24296
40700
20578
39430
25045
27877
31570
29865
21155
10071
33996
25796
29210
51858
31489
37499
69945
88401
50019
61240
121527
101506
61271
113954
116011
120860
115807
121424
138138
96842
140356
79966
67555
140356
93657
155836
44675
67195
46146
100795
142873
112527
78521
197286
121930
106106
207957
89225
61033
79081
123099
91659
97680
147389
76535
49937
72366
180198
63749
155787
160102
73996
96816
88772
64405
88688
112973
104127
70846
69680
23989
37553
41862
59595
106701
109432
82843
12722
139967
77642
73456
94144
143602
100464
90268
131621
128449
136361
65256
100647
164905
161437
125208
76337
100392
95236
45747
67911
92304
96932
100604
53909
47735
57387
54263
74877
29898
41368
30539
40033
132958
179259
98958
169897
71360
87572
52533
153025
55237
61765
54933
67822
61382
53581
33319
32578
66604
68768
119251
60807
29590
51995
82594
82745
86761
37604
19909
73883
20760
47252
36831
87298
85698
67515
33694
26428
30548
49775
48752
40776
34704
38653
31436
24886
37246
18551
45446
60683
53026
30177
15157
48348
50338
14788
56599
70180
36264
56512
25607
52528
18743
35484
18418
47022
56517
76339
50517
22626
41308
30025
40910
15142
35096
58702
44964
49054
36578
45669
33918
50210
46997
39940
55888
31131
42063
51761
59597
49277
45830
48268
34964
34743
54969
30736
102625
47119
87069
77692
64959
18041
42839
44681
50335
33208
71104
46551
44128
27689
30591
16120
22444
30763
21589
12206
59023
37786
62118
36335
40800
23685
19086
13447
22567
26933
20059
29124
16362
13633
14910
20355
20312
56429
25190
30121
32581
41995
21870
26315
39820
29111
34122
33988
32828
50361
27843
22135
14028
22465
64002
36871
42712
39685
27026
33396
49361
48064
60492
44488
54188
53866
48325
64251
62441
24876
74993
69282
26128
45700
38671
37360
35167
31503
69503
42056
45765
53113
33929
26077
33342
23425
19746
17826
41904
22220
19193
20814
27481
17009
19399
44256
39749
31081
24018
24610
29942
32594
46595
44910
13726
10544
48380
34378
21227
22491
28109
22529
20247
28099
29972
26637
18730
37785
38045
23198
15454
35247
33606
27964
15599
43173
37539
26934
16148
52105
22714
18652
39372
26726
34259
51220
59846
30568
38539
32614
22822
24411
44306
46936
39738
14906
36307
40911
18352
38209
35351
47232
64400
39470
45584
30726
33838
43583
27481
27281
24943
35721
33110
52269
29491
35700
32027
38215
18939
26518
29829
22924
49316
20757
15022
51751
37523
23311
26320
16833
41818
37935
32654
45244
46344
51160
36180
30266
31331
24604
37266
31135
28422
49159
26889
61343
34545
44694
68044
42847
65175
48377
31842
40646
50049
21546
24430
30257
31357
57343
73025
53334
29349
30493
44100
47952
32701
27577
56957
56989
30808
54147
29021
70344
32152
44735
61761
39324
37448
50744
35311
43873
28634
44250
55948
80402
48498
46872
40682
38668
64662
66843
54606
37065
47552
53455
74852
46022
60414
45532
31676
17216
49648
48452
59735
34145
12937
15118
72987
50711
30894
17150
62409
47985
86464
89358
74589
37304
35436
41158
62786
26813
28811
40702
91745
48950
35521
56188
37084
27186
31619
15846
38891
48786
20455
40049
24450
20403
54102
66532
53286
39126
47437
45814
42590
49940
21879
30990
39895
29208
32888
33380
46904
27603
58965
16855
19609
47936
26139
13406
39643
35813
74518
95152
21337
55237
29615
28400
64621
35235
45800
51100
59022
65853
40039
52001
54569
47000
57961
61298
49342
39670
45755
44371
58377
47564
108957
68632
45855
50113
59314
57098
61429
37401
32539
24670
27678
13369
47504
55105
28031
22341
20425
22773
27402
33506
90344
46461
61669
62662
28620
32551
33068
37361
64432
32511
13547
16417
25457
42120
18536
35854
28134
27641
43682
100320
101474
54709
57481
87067
71297
120891
28269
19517
45253
16657
42674
23921
14585
24478
19028
53329
22997
58456
61526
37229
28233
32502
33210
30381
49850
55163
57328
18623
43868
39284
17381
23555
61996
37201
71261
70699
28283
24088
41904
47520
69540
23912
20734
31108
46221
38711
20171
32380
31950
27925
35337
48408
26667
31389
24287
19909
30597
32593
19038
43178
27747
35687
28786
64293
17788
24200
53620
34913
28366
28827
41450
29640
35812
45214
33360
8798
35583
20361
33982
26644
28795
44593
15380
43658
21607
59579
39397
75443
21511
46696
42723
76260
47554
48382
57242
32480
77935
33034
34257
75301
49120
72599
45096
68603
42756
67847
23135
30000
53780
75012
51662
64142
27108
17820
20825
31585
47399
71787
70376
68284
45135
62494
45330
52456
64924
66798
52023
51096
40459
55824
39936
66274
51990
43042
70639
69006
64505
63732
23215
47570
41106
26270
121338
64162
66580
61206
72911
79583
90229
89271
94092
76588
57601
54503
64943
74605
81505
65266
52209
16386
60185
52822
15648
57670
36571
28062
63777
18529
99839
20640
51338
55256
62492
46676
54222
50222
49229
33321
95377
67385
53690
92168
72501
43620
73408
49093
37071
52209
70846
43466
36095
46566
82643
55952
82733
54417
67980
36374
99031
65286
73363
97713
72490
74980
51714
84702
95325
79298
83198
71461
98096
39185
20001
16997
57728
69934
57734
62943
56458
57806
44610
63076
55698
43298
29343
55761
16931
22262
28937
17494
22111
18402
15482
66423
80352
82419
51341
52269
86626
47602
19699
73158
39025
47296
39026
34482
28764
50193
47310
27613
25884
31567
39658
34160
34250
27855
20270
27776
23448
69246
17452
31699
34845
20227
50393
11789
18712
13177
28353
15107
24885
22777
27518
31176
37131
23421
10152
9308
7516
12121
23185
26126
46049
52621
37648
33935
31388
40984
31437
40365
33812
9691
74562
45694
52001
12560
32191
35403
32386
20520
26599
35524
15904
29339
19854
20611
48643
14514
14449
16731
20909
10869
24025
20318
15386
22623
30617
9652
24400
12886
12361
18271
30241
15450
21324
21167
33685
31730
48531
31398
49957
36251
69592
47317
28761
30254
40810
34638
57462
77620
55592
70785
45721
56513
57859
75158
106631
37345
44416
72141
50934
53019
65103
95412
92797
83425
74286
48444
38729
128194
29130
58568
67637
38425
32968
65201
58901
65992
53577
57123
65040
52647
87487
75454
14188
49358
10434
44892
43074
46003
20298
28083
34311
40447
35007
51158
14754
40834
47307
20737
36271
38511
82776
21263
16886
22095
9534
16335
22844
25547
25062
22768
27990
30129
23107
29932
36951
17147
35885
13419
30641
39685
41951
30268
31867
37985
39946
33914
34622
53794
77104
53609
74223
68936
79996
36490
70605
13176
14246
30613
19969
18745
70087
82965
17276
67086
34081
43806
42114
16839
18623
64806
32495
40386
49185
48717
45127
62952
38157
42221
41541
71826
68532
81731
72311
69944
79974
43004
53092
24540
95353
21020
41551
17932
45948
40295
20307
39749
59739
21410
41783
86120
22876
87600
81032
54514
46788
53068
93155
44476
31229
39280
53251
97797
69290
43401
52025
50412
16061
42449
46898
23400
34014
40587
61496
50254
28589
50932
74618
26825
44457
78452
72664
82937
74066
56323
39876
60269
85992
81503
100876
41052
75666
56086
88552
68620
94301
88518
49828
65213
16973
11727
80570
135913
147813
98000
98549
50242
72283
95633
77813
103700
104290
79312
36422
32849
42446
102505
108344
53631
102573
53526
49357
196202
239835
210056
188408
186839
264833
221059
137634
137415
53897
84332
88452
76758
87550
92382
63064
65150
227322
61363
56341
85306
74455
231786
81479
128076
83575
231633
55134
35069
136044
33114
56369
34791
39663
29956
14446
16254
40563
33722
23344
186709
144024
117001
149724
72429
132784
117270
49140
58999
54312
57689
97587
58025
56006
62933
110591
92665
113126
82663
77552
89116
109258
107797
91492
100672
78454
86360
56573
46435
59838
53300
60788
102704
94428
41367
64101
47163
114606
26746
61736
82042
117030
81420
21737
56773
48969
41221
49491
17126
24531
49867
78335
45863
24937
23209
28459
40544
20104
80483
18113
12890
17885
16185
48133
51125
63584
53840
67638
113761
77814
80374
74652
78278
63351
69623
72235
44773
79495
81704
50589
42221
123796
105082
44327
42001
45752
62206
53662
127459
108534
99355
67191
69542
37789
87482
52435
60635
42130
61797
43199
60466
44044
59968
58707
46844
52376
59845
80605
75179
62725
35850
74419
71500
23772
85844
63222
32711
108226
102404
54825
64580
82168
85470
74959
89145
106401
64195
116009
71308
84844
99012
116846
103865
85585
112920
108930
85115
97133
99580
62832
112675
44813
47596
39949
36349
83050
39156
130436
147898
98380
51909
38766
100232
86822
131444
37573
137479
26785
72523
128708
58114
136583
98256
175012
165675
156814
101150
149336
128080
125649
174304
158850
117500
158768
157214
120382
146359
115249
124988
69796
83847
102354
128864
114758
105238
126849
124395
132628
110815
189315
161673
133258
163585
71861
160689
129772
63729
71102
198306
162617
99285
86103
132695
177892
83837
66333
77365
83365
116923
103852
31068
37699
42471
50252
51021
47299
129482
139132
144819
37347
38985
110489
46596
48745
43612
70653
121114
71461
49223
46693
86870
90151
47778
42498
57435
68754
67564
67456
69731
64631
67848
68215
70610
102543
94755
88210
104759
78948
74564
101433
110586
81888
74142
16666
13465
129668
108919
104760
15709
20004
125726
109426
98435
35975
43891
59055
46055
58048
39460
66802
34138
20695
45900
73503
88726
151826
94552
103601
157493
92338
61839
97096
107995
60303
67113
122486
119484
127383
115232
130765
79587
83469
127900
82823
159015
103603
127718
95818
89844
119919
122496
80860
172277
68462
105723
70370
108308
77512
84463
188909
171226
172204
107402
139329
98059
126586
114526
130115
127254
111214
74014
222154
123682
175194
147005
180808
188734
183194
62190
126797
256014
131934
136520
107037
95916
103653
102345
82517
84928
21594
50326
36887
71942
89849
105877
123302
121760
62585
97215
122270
151173
215255
204534
160171
76488
143972
152743
110314
122502
170374
83091
74005
59985
108472
131897
123120
85084
101606
153858
81313
45975
82397
108421
56456
78073
138381
53451
131028
136818
151611
46651
34363
93897
76496
126497
87321
36439
18187
78128
167546
112143
75931
90193
82355
98110
96472
132210
61352
85607
103660
88638
52583
58897
106913
119892
68573
151624
53993
86047
73340
94531
118163
31536
46543
24823
40708
63154
37884
44359
105257
23204
92231
30895
70920
78494
59073
106639
71742
33795
96025
49824
43909
72192
51174
114349
81153
113395
72097
120673
109853
75226
93073
81448
65458
74662
150882
72138
42511
45932
58778
26572
21667
58334
40769
67885
31001
33628
38900
51501
87859
68281
47173
41327
84766
53398
31916
19408
36949
90334
97408
92020
80645
84154
67436
88941
101094
63707
75071
73472
86759
56970
69077
77413
81079
106725
105086
98114
74597
49385
119880
102522
72155
85046
130117
96306
58032
55758
78760
86242
85690
96884
121478
48092
34263
86364
92196
82909
28539
14722
41035
18889
14177
63580
42272
44995
30962
14180
13169
36189
34233
86749
86525
65368
72075
119686
57835
49407
52103
122642
83575
122184
82638
114090
53499
49643
124999
106033
61301
59639
40131
34500
31793
59122
74276
65838
77769
84251
80063
90438
34816
30315
63358
79695
82223
57791
90347
79613
75125
97809
81110
29195
37207
38934
63358
65130
55010
53686
51208
83939
102244
94169
40552
80941
44188
27541
42059
39882
32099
42176
26310
94326
27325
48107
107816
102002
38335
99118
53208
78196
40846
16391
52447
47983
53152
66865
65399
69089
53635
51171
44103
68019
49949
38290
43615
16852
19171
68483
38216
74621
31317
23116
44965
89359
64968
85104
83287
107124
82332
80487
98889
90820
79807
94670
79538
46207
117315
86511
30573
123220
7254
56740
61884
43450
49597
27542
40365
80818
166794
151170
88107
62690
159038
133522
119088
133888
89815
47256
45353
56640
37515
27384
107463
97891
76165
63031
80253
67849
82998
97003
100671
159777
128883
239381
171678
69067
100472
121556
88331
135754
61554
93827
84935
33368
45818
83910
95237
102096
87675
82177
84724
87326
62938
71428
65026
28955
29944
123272
128842
61332
48250
118800
110013
62536
170335
180513
138136
158248
76978
72707
46243
80902
75975
77835
70767
84639
139483
74444
59176
64431
61445
69391
133715
128877
60883
45246
23718
34424
42561
84961
60831
59248
75704
94303
35092
47140
113474
53581
33294
52382
34596
91214
94077
88108
121759
59255
68300
68974
37165
62097
34315
70284
112132
145004
151581
49805
42089
62114
116320
106770
48765
58041
85137
16267
73741
40698
57058
65205
76612
28296
47277
65520
94697
66513
45329
69364
72336
32601
66838
58503
83155
40713
80456
40149
75319
50288
94925
110188
48681
68898
113549
59019
69138
79393
37550
60755
45425
64270
77282
78114
100095
87107
66847
76579
108892
77419
93677
83972
68315
35597
94065
74889
64439
16918
29701
48846
76018
72525
66235
101477
106805
45424
53545
50834
88683
48667
53852
36863
39508
33093
62065
48200
54422
63726
18300
43838
53040
31939
80877
66565
59986
60687
68754
79845
49895
103563
44672
79116
86725
177349
89074
59186
77739
84450
170978
186102
145239
127849
170210
173055
132427
146152
138388
140656
80148
137776
98772
115244
87683
162476
101785
129961
162191
110744
118103
100209
121010
143878
166422
116818
124360
128948
156892
115220
181141
160575
124063
76876
121975
62521
72221
77999
48250
152636
144618
151237
146640
32115
43893
127028
136741
36881
25482
29657
66742
77146
36506
46791
68320
52775
45866
129411
148061
81789
70345
143265
94316
104927
102241
248201
230406
260993
257353
250474
267898
98659
70109
92318
253766
96738
245042
153169
207198
193677
179449
182168
204018
266615
269129
215555
287193
223251
279179
193340
201159
241234
309655
192319
194419
208494
266821
209480
174706
191384
213392
75055
51179
93210
74408
52534
104399
85057
203459
101271
98307
214028
181513
88243
48713
113353
115270
210479
231400
132803
106383
242315
135993
145131
171610
203840
182070
33713
224893
26212
34305
199640
76362
245110
171079
241115
277125
293860
259444
193829
104207
184380
162653
162603
270806
245826
111600
90993
107987
209007
121118
97029
145543
69338
59883
104927
97772
36892
55910
125929
129849
112257
122067
106082
96357
116762
166000
155257
91533
201604
98072
92762
133507
184935
88674
197861
123388
167259
129075
87515
91961
175162
135205
122336
111701
124141
104395
78384
171046
156833
205665
221809
190386
111491
133658
191789
217952
107211
120881
128852
123747
133663
121398
78267
44134
119229
46993
89346
130932
115369
50813
55483
158483
55854
90528
61433
117538
40137
68473
52793
92004
154206
96877
57312
101317
70168
37720
75510
36409
66896
113057
48615
72084
60865
99027
84641
47239
48771
33232
37556
89027
29129
83636
61932
81860
60163
38419
109394
99697
75641
141163
102408
119041
178281
120462
83847
135131
152796
124969
173301
140492
166136
191137
148250
187945
187181
135408
105882
178983
151658
158814
170409
264489
269902
219827
249650
256920
183935
167877
179019
181243
189844
168228
262294
252910
169415
140249
151707
219578
282664
206728
316359
184879
237520
325604
232320
212299
249830
148573
252573
116324
180450
290327
199165
116304
104438
174326
325193
83662
93142
225942
128211
207860
217177
241226
197022
247281
289928
352110
223594
240105
257113
315291
380604
92276
138473
173547
165331
189632
322589
152369
248207
254292
102163
298083
159126
209511
137990
209324
257285
131976
138063
152976
210081
237361
139219
194983
120771
135695
286856
126216
152584
254753
113686
201880
151988
52551
90091
162419
365891
121641
172410
302101
282019
182674
294705
216245
234764
322587
166848
176852
288521
287053
206974
370692
393388
337275
330264
197326
263753
330974
223573
167128
223458
148256
152940
263940
329678
274555
164524
144813
131106
159401
319568
209745
152265
273155
289063
146670
341212
345011
275378
168541
404963
282842
248467
254530
379062
243604
228996
182474
242969
147953
425259
360639
358382
171894
165244
280830
240553
311967
186802
174734
314042
282278
372379
175135
209087
252412
273614
302532
223397
200262
212297
336099
168695
323160
234273
278813
199014
146368
117914
271710
129061
109704
121495
215366
117674
244012
235542
237946
143647
117021
124445
171037
151721
171512
164567
163574
182846
137116
154089
86969
133761
123673
149341
181924
122721
146209
185662
133026
162573
155259
174423
191392
37354
36958
30902
106537
34900
134072
41360
303787
311446
218821
266894
229060
316170
235904
236648
301774
269592
256206
304882
326836
156072
150830
127718
170294
169391
162993
153378
78185
180290
186157
86080
240794
195158
237286
231238
206200
244602
82971
71290
82081
96437
99595
182809
267051
127177
131504
152532
150918
175059
173757
292176
262576
330731
201307
170384
293732
237856
170041
262638
182055
174060
144468
304844
204004
249881
328735
222468
306354
274584
332835
300569
281892
185278
254806
193418
142742
158933
345566
271594
236515
235338
299368
297978
313594
190591
208894
169100
167637
177733
205148
198185
172684
217822
189977
166858
147381
125353
206605
118776
134355
188025
121621
131097
197570
130120
127459
223292
185437
156894
200072
92179
204262
94638
81023
68527
34446
196471
159220
135931
50224
40482
84870
152431
67553
128854
47675
90079
144244
48459
169032
111694
171613
128760
161835
202800
63756
152375
183048
143715
54030
66486
167632
124723
166591
69063
140878
150349
97910
76639
100451
105024
84843
138001
101427
112884
184670
272852
176816
99071
110530
113348
137069
133962
197681
175572
298499
226097
263026
250184
112904
321787
204403
145300
164005
162093
194084
116917
166453
174717
110183
153507
176155
225774
216366
166122
193102
158490
171682
65408
147825
135164
121594
145510
113739
240718
193756
182016
180191
280731
225357
243944
257927
246958
239352
98709
135464
154622
76351
74488
102335
91807
148583
116967
161714
71770
139925
113391
141933
75117
280831
273893
87648
76140
25707
296094
310924
264538
274276
59464
97477
49062
57643
242846
276211
87409
91218
43571
44140
83136
58378
49462
81363
59664
57763
74182
33310
114310
32456
299861
291077
333595
325210
295423
306220
311006
35932
42422
198617
318621
162961
271792
313202
259298
333708
157924
193981
44454
24939
163207
157372
171857
254158
249565
252008
200859
231746
192940
285344
109591
296104
44803
232753
185751
264874
284305
186156
228101
70570
50269
54346
76503
68320
48190
17351
254318
223878
131813
184868
215573
316828
355870
316415
306447
226593
220687
293427
26596
31657
28377
44373
168579
104551
208431
145797
223357
141331
176830
20340
24857
211981
203994
68721
88201
111745
94978
108987
80754
76738
150262
239898
106179
33319
201165
53553
54096
51865
113703
267125
147329
118684
102938
101042
103742
92156
64909
70177
58027
84324
48997
62186
53316
41888
37986
140830
186613
156388
129152
138879
131742
42761
61753
143957
67941
31827
68607
118277
119640
144427
150202
193502
130163
69508
131536
91838
59237
74695
99398
91156
67683
89342
48457
38297
65090
88569
66958
65265
96959
62879
98094
41676
56407
58523
39395
106292
72833
100925
92518
100689
131164
103833
67523
70273
86177
115959
92319
163965
99849
74522
163536
136572
147707
85402
90348
142768
148982
121539
113941
107687
103725
69138
59624
100010
92423
72776
123447
91402
127389
137872
79725
69103
169664
213618
160501
153152
173290
144048
95008
107073
88582
150613
134466
177063
110023
195118
191930
164593
183125
153623
188008
89447
127062
174816
169946
83860
180577
170211
146169
147130
70211
101124
161707
171870
82034
132755
131293
124690
98819
122007
101725
163262
110703
101218
179609
63651
54912
65356
52372
58044
99469
46911
96201
80347
59695
94304
38642
49560
19513
112353
67180
65833
78282
52644
33376
65965
64610
65480
313445
204429
260908
220754
327819
183155
334305
195752
265604
352681
54962
240110
216626
63851
187729
254338
263695
203445
278750
197123
73239
64065
40309
28785
38349
22177
83477
107616
94677
63381
35725
37128
37180
152945
123487
67365
295895
181890
195424
280325
224355
208570
285093
289449
295474
231693
290180
231532
313668
202558
153636
297844
265610
105211
244358
223158
173887
212076
144338
145448
148836
177062
64718
180130
100711
153678
91227
18492
72611
62799
48065
102802
188249
197083
190082
216584
195615
112575
210758
143309
172252
179044
205889
209886
171992
83232
205297
55017
49422
201458
119607
204100
160907
219737
181842
236322
135804
84442
50208
102645
36286
42586
139084
89004
56076
41026
55425
134313
142142
101828
64811
89508
132897
42145
51373
136012
45050
106408
33885
42410
37989
103094
44016
65498
69234
56427
94515
81675
109651
43867
38406
58805
99858
68532
80027
37018
45954
24895
15267
21328
45208
29777
121912
86610
65621
72045
75659
58704
94800
93610
57154
99203
91820
64326
86738
80408
66801
65557
91819
80017
60100
77374
50717
47497
60122
27121
73751
76640
90090
55440
52527
46663
86950
53112
69522
107742
63485
54751
47810
59608
61251
49287
41838
52013
50686
24891
31193
97566
91310
46305
37601
55010
27286
66661
64600
33109
99606
48079
136995
70193
115084
99113
113338
66087
14172
38087
71011
76145
108051
76080
56848
77315
93459
81994
77245
66189
57187
93531
83240
72292
70391
58747
49145
116123
137785
73089
65706
61703
80141
51859
119092
44639
77407
94427
108746
49720
61114
103396
144251
140020
95761
144496
99121
99925
94559
132176
58319
134912
70976
67480
66813
83428
128479
174432
150639
81125
140892
87522
17967
15645
11648
33987
19240
108661
171115
109781
35821
28158
34456
26384
31822
138644
151443
67597
37744
71988
65689
62438
47885
47028
41356
37370
81192
84240
52971
44670
30494
73167
32150
52971
41679
51372
70863
110949
114667
99424
105499
88671
81301
136722
128888
74931
142719
123697
98817
72528
66756
68914
141781
66407
81315
66448
40922
96753
78548
84288
114631
87055
146979
125049
69138
113323
61494
124899
146389
146957
209499
187794
236876
246132
230759
125962
264510
86562
96494
141628
120827
183859
191680
155463
212305
207083
213877
132323
198169
170682
137083
206595
240379
229637
200703
198427
168062
246709
134996
125637
198257
205572
164310
161780
134118
177674
157205
135671
215771
207078
177784
157179
253715
110225
158384
173256
251421
189521
181835
206258
109999
47312
37936
116878
134272
110163
120883
63073
67021
108605
55679
193207
64579
75806
43286
98842
92938
75630
148071
136160
105590
93956
86187
101269
104687
65058
78098
99986
67716
52510
73618
92407
78443
54661
86369
103077
42341
113295
30266
49451
78282
30732
55017
104698
76737
86416
64501
46466
64094
66414
76817
79783
75583
73904
72309
84662
113833
63815
34641
89054
60393
74071
105145
81851
80476
72581
57644
104482
69566
73119
53169
73642
65797
31644
29631
31753
46995
29149
75895
75418
99556
106069
64922
104430
85839
110915
53876
39860
120164
37865
61595
42939
37469
43915
49162
59969
33124
80391
22873
33801
63992
88664
86440
40679
98717
59507
45562
63299
46275
69345
37389
59660
68191
82311
99474
35509
65033
74612
50686
84493
64427
73596
69987
67771
70828
95759
62400
61477
56971
65009
105402
61366
69058
71454
52377
49541
37172
175433
135451
137217
79592
95397
89473
130242
156878
131742
112346
153887
188189
123769
119882
168237
132709
105310
134047
112019
96116
115041
111328
157070
102331
100296
43264
108199
52959
108046
83770
29630
37607
89919
116289
68217
158489
106731
146594
99151
120345
129273
152424
107522
120295
114037
118237
110390
74621
53683
71353
52406
49207
62484
72065
83296
61521
97088
32659
129719
122992
68357
43699
110263
75184
59863
93613
100962
70582
77773
74180
83857
46293
51477
113980
47010
72764
36730
22147
48840
89461
101914
106603
82641
75779
112498
60791
61363
86101
94941
48977
121229
113691
96216
108479
76725
149074
65778
84644
69435
84012
113475
44146
26951
66556
49805
77132
88554
66669
90807
116248
62744
70631
57778
68918
86561
51267
53996
102597
108302
72339
61896
90520
117042
83490
91319
129525
112526
102777
135983
76656
93208
60574
81581
127902
99305
91366
67447
77082
83334
85956
109997
106760
66601
120104
82937
84523
118260
94163
128009
60826
129993
109722
82570
54929
84845
75361
50099
64589
73189
60322
78822
56022
81341
67796
139094
71047
110631
78005
67080
55065
59063
61359
89971
140838
75289
84791
98198
92856
142134
118826
101910
83419
24655
80145
60730
77419
71641
36852
116413
95547
82244
82316
19381
23578
101381
118936
95958
49761
47027
76891
23400
25281
20150
49933
42819
31870
38334
77477
73673
63380
87642
105986
86190
101798
92357
93904
98518
108141
86432
96307
77264
76741
94971
51022
39598
49363
41659
102757
50374
100910
37284
25072
130157
93361
110003
127043
124167
78489
83421
152167
98245
48603
144910
161693
51512
88368
78283
153584
112146
91722
58581
74137
33876
35740
31566
39564
66256
50630
53662
117395
86707
128200
120965
84379
98714
105007
101404
59591
57753
49207
78809
80471
91962
201068
48573
19607
36876
160892
40095
132571
150103
60164
56823
140401
34617
25025
107302
27405
86970
29760
19773
90910
28081
32199
43606
42725
35421
30361
66632
39580
41464
31562
58385
45100
44355
48975
55225
26545
37243
35401
39851
39826
59695
50004
37625
30017
70804
57952
74230
64230
86722
47750
93300
43304
40978
90975
95358
84615
81088
24868
33049
34636
21390
103636
93967
84735
87420
66774
28535
85713
92617
58545
90701
95367
65943
26050
30379
63762
76403
46049
40593
47419
125190
76843
99031
122883
74512
149329
92343
60666
97600
95501
39999
70742
62223
46215
19053
23016
29101
82712
90888
11737
55854
62503
52753
26960
83229
58381
73898
71796
52023
83269
73576
81266
72781
144276
136466
39324
45368
112671
105711
115541
41216
37849
63392
51243
54210
53883
55482
54654
67337
120343
147656
142411
114717
106579
67104
135670
117316
155719
89645
131883
67837
127425
85997
84769
80061
82441
78968
89660
149655
105197
125487
210243
150507
188512
123473
143947
117353
172482
126056
155957
163719
174476
202468
163142
144828
287501
24954
200842
197942
147688
169603
181051
210385
79011
171799
142121
214284
168212
186962
68357
197612
197395
149220
215101
70287
288357
220581
186079
58789
161581
153150
85801
73787
51366
15909
59805
60260
96425
87234
104888
68931
94977
88592
76388
49754
61140
58849
20344
36412
60847
30893
56467
67275
161004
153482
41769
146397
12317
101184
31490
46178
59349
49566
96139
82775
85194
76575
65548
70759
47903
45415
55840
106355
74924
64914
95323
81857
34445
36676
72268
78522
76428
39593
46616
56742
45160
89024
81343
68300
55704
85855
61091
136343
109545
67541
140541
88494
94491
86273
111188
83412
73888
124968
166677
135228
153310
136484
133394
148810
170334
115024
91016
165922
87908
82915
99474
124337
115541
52186
46148
60757
120998
135484
53477
49444
114582
132470
155252
53234
117821
23125
26962
157221
94279
106889
52358
73866
44538
95629
55499
76767
58923
65310
85182
80912
103932
223956
213478
142347
91299
104203
60306
90715
73456
56803
67792
39386
60140
94785
117726
98136
125819
133370
101927
120929
117313
113147
102742
87563
74131
185102
119580
139460
179367
129087
144846
158919
159277
130569
88736
107788
136702
116933
178799
167687
196125
105732
153127
112771
137634
103201
107719
183535
80309
28869
36679
114333
111940
96813
76461
14077
101503
51090
50146
19618
165789
160836
148937
167925
169893
173992
19435
42757
237744
224808
218388
217734
211107
235956
237248
90598
76719
101538
105898
115728
95605
107880
242565
179693
164864
133301
113443
127620
102626
167251
147740
112829
230524
213701
176281
212828
182153
36058
70575
27393
86365
93862
138610
124402
184041
204166
207151
160393
24379
30386
80672
90737
41201
35862
67279
124894
60985
172020
116078
133755
76582
115140
131647
59197
143912
144962
89493
100117
172176
120052
178467
98562
137627
177112
109808
66718
60833
104758
127902
160166
184079
120159
84698
221249
146537
89170
82033
82406
24218
28521
79985
49438
69029
100141
58557
91915
76060
110613
94917
99184
24772
42772
25107
95931
94782
100858
74850
94737
97848
83575
67643
87720
46996
98631
121365
69066
96978
78927
58037
81722
101552
76319
102020
43435
75638
51639
61719
90086
58095
60761
42913
48289
57066
52306
39970
31313
55096
117291
124463
114553
89612
85640
110538
53273
70222
25558
34306
45824
62047
34720
45680
61000
103051
79623
30518
54358
71430
24661
86998
79961
78743
32973
72003
88563
103458
89440
52417
61563
65060
64653
86082
106926
95920
88642
62676
69473
57837
45612
79779
95882
36200
49949
45009
76277
38706
110777
109669
60709
67019
93133
68286
69408
126819
125658
88263
83888
83615
111960
116946
82774
83825
125347
122319
105854
119523
115947
136477
141748
118698
125644
137850
109910
114426
110103
96525
92690
102760
84636
118437
99934
104287
133962
84768
148127
140322
102159
140157
106967
165874
143184
218745
131720
132900
49633
64130
180249
121625
166114
120977
125679
63382
129527
97452
186483
70595
104535
127801
69662
75663
82141
84466
36510
90192
88790
46197
119627
49892
82510
56508
86494
100612
127241
39232
63856
70156
76725
49068
102066
96996
155407
140487
188711
121417
119027
171267
110629
96099
90989
107031
115953
76858
70145
47358
110345
82848
89966
70886
110446
91819
106849
111401
164796
132371
185071
79851
75988
55043
70070
84057
67425
210176
162923
43106
157268
208838
159679
200455
88086
79680
114503
168172
216876
126785
105653
159104
167523
153084
170103
165479
105447
82230
95219
115694
88861
261743
277671
268268
137977
99826
209173
99057
71020
93239
110525
92488
126370
173396
168793
107638
159073
116366
134298
163121
135926
125185
43391
103581
162857
127115
106961
122944
131596
157912
96058
127143
102709
100523
147498
130023
136285
97211
91187
35349
103752
45534
69569
51364
47876
74131
77208
103647
46312
143686
161881
119125
115361
121132
83358
216584
218118
114334
226474
161759
211621
160028
228976
165925
187649
159089
178583
68867
90428
108936
61442
56182
53878
194678
21073
188966
152885
142375
144791
159678
169665
92806
119502
89909
100507
160859
102317
191022
216897
217990
181575
216298
142373
142645
240880
122056
131853
132416
207032
240879
141304
94257
116984
125787
205802
103772
205209
258557
98881
181850
139461
105751
145962
196765
223833
254208
225664
231836
111018
68862
40026
38362
48062
110009
145808
141691
169686
68802
76777
79428
75444
148120
174144
118377
118608
163493
76512
125257
119582
94968
91188
141566
117306
106416
141956
58426
127982
60670
130569
56641
138928
182542
157131
80458
135092
96977
76850
96196
208956
95974
149653
103124
145549
212080
134314
126388
60065
82280
84026
100366
87524
191777
223497
183072
104530
93150
137919
160261
129591
124173
120150
138847
121872
154285
147937
130229
61107
66213
63623
110211
130745
151922
91413
141439
135072
140475
145036
131799
135852
115173
80015
126784
119041
154033
82550
152292
149796
102104
126020
94919
31713
140211
33728
30154
89969
92724
179545
165870
42674
33908
130927
87491
128329
123667
90085
60720
83905
78342
93472
109193
25962
28325
76809
166432
191511
176613
205731
142690
158416
145323
232759
61280
88890
81398
117877
115907
154381
103825
171829
117344
87285
111741
102466
105346
131654
74922
80591
57243
180889
137437
156460
190074
129276
87921
91633
103803
66757
128080
136449
95034
85099
155366
97892
66544
129906
106114
122495
104175
126722
129238
105341
95368
81401
99060
103155
74955
137113
93179
163483
121407
105467
108854
113633
92948
63043
155517
117659
43546
109138
103668
85452
43375
92844
129214
120191
123410
127563
159015
51597
62383
112202
120389
38221
105258
123120
113016
131481
78259
67155
136332
134278
92309
86905
129085
67302
75070
92656
95209
85086
98381
147261
131455
110046
81676
87516
98306
96303
102630
68595
94055
68216
74424
79835
92783
99176
69288
66698
64977
71730
59757
64238
92255
72826
80149
66093
106759
100474
149772
143001
138783
148532
135005
107010
95229
50932
71907
91740
87947
111821
144964
103544
127082
137047
121724
97409
85182
81194
86563
134844
117953
153018
147780
57996
98233
138175
55706
133619
122755
112092
78917
130800
128797
77352
97953
105879
98724
166182
62452
168276
103441
80492
80878
98878
74896
126933
45613
83912
146657
146019
108025
112882
68470
61407
81624
128777
100735
94984
60821
94624
99425
84426
150990
122953
86269
62047
65357
59432
135394
68426
80496
77587
52299
67352
56979
44989
88152
87581
85385
88350
120264
44906
46657
63530
109674
147835
79973
94646
100562
86498
93249
72121
64882
80402
100327
87796
127843
156174
140289
88559
91156
78268
135334
125818
161886
117483
91223
85064
77605
114825
82541
92167
110448
91085
121125
89774
129868
114365
37820
51822
60922
61419
97165
75738
122982
55082
159783
57525
121342
96317
158352
48920
57705
68741
105710
171882
159934
143963
161148
104234
84118
77713
97624
93057
247315
98207
77961
58140
124750
64663
80179
109638
116456
120635
72399
57499
55682
53276
57814
58878
63390
55716
78675
150145
114983
136806
117199
35304
35074
42477
95747
144098
130051
136929
125196
43433
101939
52127
99626
97315
81685
32328
143308
172941
99772
95112
76585
39691
97338
57524
85582
48261
71983
92029
110145
75733
101078
77390
96524
46069
147480
105358
73564
100236
105580
105402
73883
81300
73415
87723
115172
106638
114198
86249
98895
104629
64285
96737
88845
108215
90783
94738
68670
67217
98116
30918
32794
33813
49170
120749
88568
33496
97907
106382
81741
127816
101460
86733
64947
73684
71673
110420
110668
82088
97937
90448
103059
77264
96449
71656
82535
82576
93882
78543
66694
49019
95519
106960
69319
80177
104913
39241
92528
89159
99243
68907
76992
116138
92934
80476
72610
43558
45693
83407
48977
133323
114489
110039
75547
77021
81508
102154
110923
151586
113623
104670
106293
99743
54175
71204
62577
69945
128093
188040
177707
133521
162081
236637
226888
132027
205952
125209
127212
150888
172318
165212
154573
120861
127893
133894
141379
159022
153454
131640
125709
124731
103021
124336
129005
131221
212169
215712
261591
246791
251568
213078
224773
201463
208604
202284
219590
243570
189145
234007
241764
244769
234997
229936
210274
179197
181642
163736
161512
176073
217407
186675
186632
192143
194838
206366
235762
235630
232743
160549
178901
235295
262634
264769
228345
211503
240436
246340
229445
300282
273112
274740
217395
286147
236016
200816
249382
255253
272093
319900
134827
125326
245006
253339
133433
247934
239914
185662
197256
187608
184359
256343
202153
212430
286582
259785
196800
190900
249770
262663
227117
200841
204481
206528
195083
274661
255345
258312
269353
243144
228356
89166
167146
115852
248905
212582
264706
85425
209729
218487
276306
263772
244484
285971
294487
255303
291457
267184
297857
297747
327315
131172
203330
241057
157558
319486
169606
255601
323318
231598
99291
153241
211849
130179
311868
118333
306469
121738
338553
104118
258749
126775
110827
222923
326991
291957
272905
264219
278631
293506
256442
89404
52721
40237
73925
86739
116067
283289
311218
306104
254271
58094
122767
65060
77263
80365
142249
77157
128318
145068
81572
152417
147631
176155
145901
206587
130385
120565
99337
384694
419587
408166
389696
405397
362925
375058
385205
441746
451585
330486
232906
350585
262718
209954
240168
357301
277543
350358
459430
261978
265434
249861
213634
230279
233121
257912
338749
250071
571484
192741
511755
383065
223780
235184
281573
269874
306365
317357
544816
285687
370334
368160
230890
451117
285998
506130
366802
241588
235157
361855
351299
395274
280815
219606
228534
366469
304076
251323
266803
271052
292478
487300
211225
451066
558834
518241
315511
574732
405425
360953
362445
327927
347289
486368
334256
336524
356208
374233
419518
434402
344068
346205
358430
455121
351939
370214
414454
307064
492620
471270
409118
438902
382552
308521
440499
385886
300497
314827
308370
277064
402366
301494
270606
178706
256806
264343
267234
252962
213392
351128
265771
274706
208586
277413
341783
279242
226160
310827
337242
208408
243758
164247
266420
253215
261272
242837
387407
330895
329386
365725
377262
200118
317251
275663
308111
305642
306271
287181
299346
222560
199215
224830
289367
200901
301971
304215
241814
346685
237811
120089
304597
465679
313858
247690
246718
323242
470623
443364
194889
241009
490330
252270
336846
331003
488759
483287
361661
69109
278730
364272
253974
305291
387839
457699
398402
399361
314054
328863
169672
152431
67888
221480
71006
251886
217869
274289
239205
351295
381480
506550
459022
374180
308878
250369
373136
197177
260339
417687
231625
237510
246993
362466
389230
109646
303963
262944
304124
318163
383047
365377
385491
405693
430068
379978
338260
434083
406303
382144
342945
453222
219189
236388
158049
176170
133423
226650
329708
342329
380964
298670
265019
307400
345384
335454
392953
276422
355362
157374
132807
130575
150752
387268
416883
326284
387988
152891
219245
138321
222783
87698
89536
148017
80424
80010
130353
134097
117951
122555
88105
85973
99807
102572
114554
93204
80144
82271
90971
299699
317065
135633
216936
229049
269101
362870
368947
299538
131379
340859
269036
326577
359022
349372
368589
137087
359630
364129
344220
385614
197560
140349
103317
122006
146446
98044
94704
329879
345047
264010
256457
372401
209814
306658
345516
176097
208746
227730
365216
299561
359387
316244
395279
351871
299242
273224
156126
389689
215861
247850
170787
381562
172732
135438
179019
141236
154295
176547
154386
135347
105363
119433
123876
140439
197951
80809
198735
78308
103256
184202
196469
194040
189418
125480
110187
115329
121632
217616
70812
137136
74509
240605
149227
281503
323538
162718
137299
134420
126182
204914
108981
219492
114195
223912
239553
197990
162442
103916
218873
238008
209651
255033
56670
115512
41480
36421
53083
148259
146705
29062
81499
53978
52012
90975
164206
84426
85545
50504
68612
177476
105153
150761
89755
68092
183910
91769
31535
54259
56910
207319
201209
83623
85234
49144
37429
27255
44419
61324
32707
58002
104725
52273
71856
38756
61737
76593
57942
48959
38305
65123
35881
62339
66040
61906
95239
90260
66554
85819
12299
37924
100660
106516
119654
115674
80466
97538
105498
126064
131709
87012
39061
74643
95415
31522
82128
33099
94239
75527
71814
67404
58160
30370
81159
46648
38781
31796
54585
45818
42824
59996
51677
80582
204563
49728
157355
132841
187458
53870
171387
158210
118243
114223
116236
62908
68082
65338
42796
41027
53810
185352
38339
60999
48550
41275
37122
66868
88512
56875
82757
40580
101645
95316
61766
60676
88161
71034
111874
22973
80565
74363
46143
64323
87217
85370
96245
93902
97215
74139
60794
85285
25628
60067
69704
112455
108852
111666
146124
84129
90106
61351
154357
58741
52583
64442
152209
61560
146942
128802
52861
153008
124988
136502
146740
167070
67481
97000
129679
186297
184956
100928
75875
122509
121811
119890
169414
75740
61575
106749
190446
179026
121041
226806
89290
87084
104355
163643
182131
119568
110241
122858
101930
94653
162832
99117
131137
67540
111213
164156
130018
115064
100560
118520
107912
168953
171220
155009
170547
156860
184493
160229
173000
173178
86289
76682
80556
134837
21941
110691
68011
23969
133267
43549
148917
133828
144138
45236
108427
51853
38088
50335
144189
152716
165233
134699
71931
73311
51493
53189
76525
50820
82782
74867
141132
194048
154107
193619
74954
145554
72581
58702
53311
71586
111418
87839
54892
58189
84779
81793
100393
129971
117429
120124
127373
80818
78839
74111
112158
88754
90143
157425
115221
86195
111573
111330
101744
86380
96750
94795
75863
60604
60913
123288
40747
73763
116572
45584
38133
94457
120260
83807
81459
120542
91308
119774
51061
69969
24643
66841
37169
54450
59228
64355
46701
76020
39925
51664
121276
117553
95653
90308
47614
52470
49450
38801
54709
49133
31421
48049
35495
37636
79741
76896
39900
55539
57731
45422
80190
133924
83543
67092
52258
45603
54368
56175
53248
36099
56604
38407
27605
43075
45267
39047
39836
42083
14892
79993
41744
28255
34305
38237
24359
30655
80044
74757
87536
38268
11730
28089
23911
62392
60392
55198
49375
31969
35553
73129
29615
32212
39193
27619
30158
35704
48913
27814
46307
55231
35652
53123
40629
49398
30587
48972
36724
65919
28013
51183
34393
44167
41178
39094
49305
51877
30399
17530
23745
23732
38218
68096
27476
21863
65679
23358
53726
49622
44141
91625
31709
100717
51341
38208
39810
66817
56921
50050
41037
111791
75018
88063
74656
40597
52996
40937
60170
62116
100357
86599
102659
92274
57420
59718
117326
38602
77544
32827
101216
26641
10066
29109
55922
28156
29093
24292
44157
53797
64290
30810
31347
38810
66355
82551
42978
38540
149960
34831
45146
146447
39126
37191
35121
150981
62719
46477
54282
43861
20143
42008
37801
47561
107998
63859
85605
22650
15662
41234
20356
10753
69672
30848
79148
31686
225366
37604
32772
54711
219499
48557
52917
90681
104136
99596
70958
115975
59996
38954
171661
109176
43951
71138
112274
97403
118315
44641
48464
52776
56029
38445
38599
27899
94132
94668
53439
46288
97791
121568
41898
126197
30803
54921
46744
57759
73302
59645
81184
45537
68220
56109
59911
28267
56913
36203
45713
42555
37107
84261
41261
47118
50910
99125
104999
102400
111902
102609
64106
60927
68643
54863
53488
43587
64241
69748
114493
50880
117205
62797
58131
67667
46905
72897
71482
123169
99401
70341
106823
87778
74741
54921
162617
153130
99772
132614
196201
138821
123099
47431
69635
89253
56297
84257
54644
107212
74529
114666
104939
100792
73684
28280
123960
108756
27451
92291
84658
115082
23118
108138
138333
70522
134007
47772
62994
36870
111118
72371
66238
46460
156872
57775
49743
48083
55458
72033
71260
67099
85293
77333
61880
28200
53782
35764
55453
41270
57685
88119
85018
87425
69907
62191
34252
45195
46085
60161
83295
83319
91264
96056
85073
65638
52822
45528
51160
64560
93612
62930
66858
57016
131081
130395
55782
51659
88594
52769
44007
33852
108633
34721
47340
25258
21421
51811
107872
71337
36309
69285
68808
55611
73538
46125
76875
88239
70751
66704
56934
65278
49348
90027
90330
74853
99740
96614
112854
57286
94295
87080
107639
83679
52263
55582
58654
46544
63639
51942
31329
36350
29793
130005
57362
79692
110245
139113
71168
127074
78266
56804
140651
99454
128798
97367
116814
58109
175499
129437
123115
149727
58144
86666
89485
58855
138053
66926
118451
115941
94627
120849
65935
108211
118949
106791
110305
170728
131348
95014
93287
181508
169221
112742
28012
65852
84041
86952
23552
70200
68184
96473
70610
31147
32357
38872
27618
43077
35389
27430
46629
29834
45836
47151
54177
52168
66625
73581
48619
44797
57061
47765
45259
37626
38837
48779
16371
73244
47412
44856
77146
48828
92587
24067
59869
21812
67149
106885
61579
53501
51268
23964
13071
39988
42638
24181
84158
60257
20495
100866
95171
87029
51884
39143
56491
33968
23627
70862
21231
45381
37243
52528
54663
83039
73959
90852
71082
41197
46712
49291
56804
72944
98982
84177
48678
60600
75450
67989
163249
68406
60283
57994
71198
65473
50805
49799
69954
65207
63623
48564
93233
90414
88786
28728
29579
41135
77157
60864
109381
55463
82508
90949
33278
51791
61640
70004
66793
104382
103016
37633
51313
29727
19649
27808
30914
89100
122798
19562
22820
63416
69486
32014
50376
24854
60223
61568
44930
27792
63487
29658
25733
35181
29204
36675
27239
16223
19222
39371
82227
25784
98182
45238
102420
81983
128039
68283
68779
57145
54067
52421
63332
46471
84973
75142
44916
82766
64141
142459
65098
55446
78469
78600
48277
46340
69858
55521
57975
63032
141576
122628
88144
99921
28315
103408
42323
67682
40177
59260
89044
85683
67949
91636
135493
109661
63231
55164
152221
107137
125272
94082
102704
55122
98336
72602
67647
81002
90933
56599
40615
78900
36041
52019
58421
80195
43480
85238
115721
97956
68395
83950
43345
64055
77814
81337
42296
95085
66908
101531
56543
46933
44315
87691
73813
37551
34135
30872
60517
63992
84743
35757
66933
33799
68108
71960
47737
58643
69660
65533
48919
47630
73832
59737
51568
65840
43139
33982
37682
59377
45413
60655
15713
38003
51257
25008
14417
32459
13521
26273
55096
55733
42945
24755
46344
37070
48163
61642
46077
50197
40727
21608
42982
29613
84871
54575
47905
74967
87906
83555
43068
69529
93050
69321
65717
60076
83008
75907
35400
71432
72412
180327
89043
99995
96092
88290
95259
41272
44593
117825
47241
49902
18359
30495
17981
12896
20206
27873
83119
29247
43876
41913
54678
82821
78472
57347
63594
59354
89903
80520
143077
70695
66614
79556
70076
103360
118394
119147
77024
80822
67995
99859
94905
66103
69063
49421
67016
63938
83639
105383
36722
51983
60468
58936
57303
38972
46233
90258
88923
79256
102990
61700
59666
52131
70007
116685
125614
82624
86585
155126
146323
153435
117514
157479
161690
91593
83789
86187
114991
88196
68238
122488
142807
77612
91406
159136
78770
151173
77324
100925
49806
51232
26751
113553
78790
24308
72906
15249
31170
62943
57169
103318
94662
112065
108548
102028
29555
108574
120742
30353
51244
37216
116745
36025
42036
51781
35635
43697
39808
58817
43198
72336
31865
39061
42941
52167
45743
34263
52191
35186
42999
36779
33420
41381
30446
37533
41697
43333
51546
64667
66974
108774
52817
63256
59012
113380
103244
105092
57488
60099
43799
83323
79266
70588
73408
84385
96214
90401
81254
89536
96073
102077
56993
111682
70693
32249
62527
53136
26519
58758
51581
42611
29817
123270
74735
56526
53637
58057
170255
130642
88807
102372
96055
151821
67574
105801
130187
138723
147224
143543
154098
167060
147873
91718
62338
121308
136827
166528
137349
166258
112267
157593
102935
98705
163318
71688
72364
111466
172292
123152
218042
204300
160039
152614
148456
102955
141546
120461
176393
131028
106817
151704
115355
83453
65757
106235
79522
101347
231925
182722
159162
134357
71885
62296
83112
115735
62068
95949
98577
24576
25130
10726
20523
18835
30772
41445
37961
94212
163274
23963
31989
94332
56017
54534
36715
60558
75848
216792
186618
133208
152671
51245
161475
143068
53944
42795
38139
29858
24650
74110
55121
66774
75573
74292
30291
10941
43015
44366
40180
39178
74002
10399
27450
19015
44624
103231
52426
35452
51346
47204
43037
90167
84316
106939
113840
44180
34950
47286
34074
29583
26365
39813
30740
39482
40711
13421
23301
28008
31153
26556
47328
51487
44438
51161
33954
40592
36621
23550
27879
31198
15569
37771
35099
27455
65410
28892
64865
39482
45500
70557
67977
42540
47318
44906
81989
104265
98455
69987
95458
76988
82874
88059
64162
89246
56227
81041
67459
59313
46954
51044
78006
30979
31448
29596
97451
111449
83251
52676
106922
50272
131978
138184
131257
120446
47510
34530
52748
66710
142238
152997
100446
118291
216443
170719
138284
243819
122928
208420
202051
187607
192264
166400
167738
142419
186825
147348
134568
172148
191627
156533
196077
158082
182522
47094
164335
28089
19805
175488
210495
12393
189683
23761
17239
80240
24990
30863
203308
194929
99573
47662
220992
255098
229302
200055
112778
36684
207647
90357
35119
78237
13597
31959
66582
34305
31918
97790
97331
105480
66246
45085
36586
57259
53440
59590
84445
87408
107301
43449
37934
34161
46247
48782
56480
41787
26985
45570
52252
32643
44302
58556
72603
73466
90464
78321
43641
91332
65127
43401
40025
42373
89974
84816
67164
62715
93902
62003
103808
85270
53158
42792
53838
85537
49520
60456
97295
102874
179811
72327
92313
93940
152260
94451
137791
105156
101673
91922
74569
67761
92061
111026
76790
103978
107281
131789
171486
167587
161861
105400
170926
191182
143692
167636
118821
120649
123109
148376
141121
167025
183226
190210
149374
113660
127831
148330
121710
79699
93599
112984
115043
79604
70254
123222
146077
72918
96861
58646
94703
47431
74995
86322
41640
47781
32612
40257
51511
137556
145715
171854
177505
169432
166185
178781
185988
144434
96628
167292
193250
165829
202857
71620
73839
111727
141417
185183
69752
75358
67248
70038
192777
118962
188630
86755
113461
121505
101737
55277
142397
52863
157066
154471
151970
108676
64566
118102
151577
131286
98248
102625
88632
80547
31910
39281
27345
34431
19295
64977
125112
57459
41135
31818
29895
19559
81873
40830
121982
127872
116366
56054
34056
45222
87593
91943
18978
24310
52000
63642
85323
48689
79608
92583
55508
96597
80756
82432
58752
77699
66908
131567
157478
37904
30741
52838
55244
43535
29971
57796
203706
205041
199487
193945
28731
95630
45389
98232
160797
68907
52966
59436
73437
57835
67570
84724
91930
41508
58156
51234
49973
82057
64569
89465
105951
73876
57756
58495
88242
85734
77744
53807
95735
98262
85216
62904
42865
81322
56553
43485
53991
44211
56446
40851
38596
30122
33329
97526
41952
59758
72490
44606
49186
95207
41347
62137
119615
39982
28262
38620
62448
44453
46694
22738
94522
196512
189079
184811
120700
108315
90841
92527
12860
125084
115733
110244
117425
103682
164123
78744
45172
47334
54833
108538
78137
70783
102884
97066
80484
90302
95684
93025
75721
74443
83683
45811
135357
140996
119016
147634
99431
61851
64593
70117
124028
73953
133232
79339
89952
32794
59043
52572
133618
48956
108966
80321
112697
103973
67022
70988
85930
121763
126251
135188
47098
117501
65804
45088
121111
103761
134734
100766
49705
82300
49574
43165
101043
69805
35365
59417
53649
98110
89214
155441
98210
71984
151113
58181
164169
133664
188686
145808
191548
92842
142491
113525
145331
104546
110852
126211
87855
85412
147380
97956
104881
71106
118544
63850
96857
79236
86092
97188
90082
91268
97203
90714
94793
70045
173405
131626
127026
123054
137518
111419
66851
101157
130720
96761
153334
155186
142379
117069
131295
133257
200010
163545
205764
125266
158902
122781
124729
105473
122988
125647
84688
101092
171057
173034
153954
64157
73142
102764
159208
96698
81350
116834
115131
109515
85545
111070
102053
107659
221547
198862
229976
100714
148716
188743
184129
100499
158221
129132
129828
122368
117675
168856
216501
193657
119218
106707
115100
170831
222853
156305
119220
129056
101386
145106
129771
125742
165424
170279
135787
52112
168873
132543
93587
116207
106206
100403
174935
111411
191346
71108
78955
120338
111686
74072
154446
147553
124492
131139
189890
213985
161143
118433
145334
157674
104355
54881
103327
63699
54232
43142
146151
18891
62116
103277
41240
118905
70566
95649
94234
161464
113640
13785
76494
72032
144281
211433
169105
206756
146698
135852
157465
68112
24558
30598
43048
168702
37114
115490
91254
66985
141188
109361
165445
126759
124713
193648
177992
207309
173117
117131
66652
87221
96194
112339
96161
133604
121795
74546
86642
75024
165174
150294
224560
161030
231235
158806
150884
172227
113645
145696
134765
171531
144377
144476
163302
137965
121858
133494
126412
138836
133082
116779
119510
113619
155160
109584
94606
129892
163108
107242
66871
99988
64762
111359
125056
211892
121558
130390
176320
219134
61520
60423
138239
238552
166403
178489
47785
114568
104567
138136
104878
123277
89909
111997
134131
115931
128538
108750
143338
127108
97902
136938
102498
96677
114840
100404
47511
113942
60292
138934
102270
136911
107938
161257
179844
125509
191882
124351
149558
174552
90173
164185
206782
118600
173343
152443
179538
134988
167235
139683
121676
102984
189838
198298
179680
214998
174118
157022
125519
126577
184202
154622
146005
130121
162754
143926
162532
42047
156700
165490
135982
226836
205745
166497
184383
202488
183426
163045
176793
220676
155048
137054
124965
178042
221209
149619
160166
161388
190315
142582
175635
161706
172774
178743
190551
105410
174627
97028
112866
194482
118193
106653
63699
76176
52777
58465
176287
76751
148616
160529
75479
68090
72101
99582
73248
204488
272914
218037
77728
119465
81998
140648
306303
302031
265339
100233
266003
106209
137781
100878
102015
106524
159765
126415
264109
164659
444550
190458
232840
173742
329411
189056
258702
183424
197507
187278
256032
330174
329839
367681
164361
118729
132317
215768
189149
183700
133974
188391
290907
222830
204838
292802
132420
139299
184789
162716
160990
180828
182815
167922
171099
186046
76874
69417
61587
243521
219612
253186
249137
224737
218531
216536
263301
211046
242584
170267
110506
248618
92881
100331
145544
117444
183753
100951
196047
113433
103060
223634
109102
133428
205453
120167
278693
371011
184533
111171
123155
152212
118259
152162
146322
132302
320219
149590
162878
151232
148224
192454
169811
183595
148414
142542
144379
139626
143283
127586
132182
134938
146158
55055
53384
78137
35670
145467
52954
157469
148882
58081
90789
158973
168273
67207
72651
86997
67011
63068
235433
215279
130149
147516
147679
50670
53960
66295
75753
72114
71035
93250
82950
71513
257798
242021
169820
254705
165348
163995
108938
101518
92870
81348
50674
89612
106986
101369
92912
136732
94965
70269
67425
47626
53146
105324
116754
81400
128743
154242
101002
75370
93877
96246
84451
82463
153844
141370
193427
147506
124496
145894
142475
164038
191103
175445
183645
128074
171711
124191
221256
126824
97558
111527
133666
153014
142729
142047
123638
125884
157986
119343
142288
167961
178523
162466
153034
134935
155386
139282
98896
97331
112287
131327
125736
107893
115796
122888
92844
98670
213201
122833
155870
186069
196800
118633
202778
119405
96652
189099
145408
149267
127213
99279
109918
197474
212619
96963
88291
168372
118876
182191
211080
184795
220507
169522
217952
171771
195616
206418
196213
111367
138134
139323
85981
104661
80492
56295
118298
104829
112518
74068
133434
149644
73419
69144
141603
68915
132098
39487
53892
72815
66586
93878
80284
108821
71477
186078
69845
106747
131124
79627
76449
95608
100834
85821
112898
72915
49289
129904
146353
166643
84477
234818
93960
132044
223103
207163
152804
22030
57824
114544
94955
59480
132528
135382
106957
46416
70426
51943
142623
114031
84049
52970
54172
90986
104036
84595
115318
111645
60661
113636
89770
63930
114487
125169
114086
87702
50754
64722
77470
56936
74076
88583
89423
81296
63122
53810
36402
99953
112750
90674
96466
117788
100945
94561
97245
88404
131490
160673
163064
110503
138471
128751
61048
81432
108489
141901
94856
105197
102419
84155
68103
96524
121199
67008
96852
93493
133894
124590
140758
144280
76184
145662
61927
74976
99366
109444
112598
106158
47968
101765
96351
93314
80932
113657
129560
123340
71604
44635
60010
77263
57438
133681
78448
81224
54294
36365
57761
49351
121533
107347
38368
82269
75984
55243
69989
82745
36165
80074
126973
73891
126585
152306
145445
11312
54274
61855
21900
18872
101118
101137
41316
93531
60152
79037
34174
80271
57212
57856
69969
170042
165410
168931
141849
166081
71654
84349
108509
106153
99725
63886
45889
71963
68352
59543
65347
85017
49273
87355
47552
124242
118423
57582
46111
100929
129896
109034
51812
110712
80911
61196
126575
127464
47189
52041
63930
117526
43322
44800
45309
89244
152503
36440
66629
66845
88631
133170
136329
145510
118229
34298
45323
49941
112895
100344
88664
47422
61750
71683
95020
104483
59911
88593
92731
72855
67376
97889
56633
42734
77767
83092
109586
47546
68870
87850
93755
44452
72420
81784
98257
42122
86537
51269
40582
47413
62728
37641
65405
75344
31177
19990
44484
40200
58290
37527
113677
79038
33739
33602
37018
27733
112911
61808
52247
105342
63066
53333
45056
66954
110677
61671
108811
64513
112358
80331
108945
143362
93181
79927
109066
76546
76092
153181
157911
74718
102135
98032
141106
106397
90630
49510
118394
77504
63436
88514
79165
128442
184763
98671
190562
129196
93800
155788
88547
65515
114283
96628
205702
156923
159386
145471
189817
160786
185203
107120
153502
180909
167938
160850
175529
168318
176234
175974
195289
199275
91034
177402
173747
157213
231382
181507
212406
216431
215406
204801
104545
98067
171127
240373
275428
196788
157608
271576
203761
234989
195541
101185
237205
257391
261062
185906
231683
265824
178439
253897
193848
233932
248850
209868
227458
153167
59802
137915
82493
129453
141557
92169
82663
92250
177341
183453
256560
269062
294671
309610
265188
309561
277413
306993
179654
63191
65740
71252
173976
215197
324361
192575
249893
171942
122239
177897
163163
168222
48351
43973
53921
81990
155145
207407
22738
132200
109425
87498
93501
40765
63039
51152
29539
377851
216429
202604
207172
245080
382805
203012
192597
388977
358946
271837
221531
221563
175115
226141
103357
117901
127160
73891
75465
98340
138892
177362
93113
197235
153287
150815
190097
166197
122997
102135
119801
246332
268426
302882
255130
216139
201875
315887
239633
253342
256125
265823
232425
98088
365216
349789
338830
224865
253597
235077
264107
127317
118725
110919
278050
130910
108252
93321
173785
214275
228306
230319
219077
257682
266948
270470
208799
253434
253616
195542
240872
179630
200382
202956
150432
126340
124019
167158
146817
194393
153241
119501
180068
119361
190094
159166
157198
174424
169275
203241
115783
135242
148622
158216
133347
144346
38225
78131
141473
155672
165666
154984
114759
76898
110398
220143
81637
140381
119283
149190
189735
195677
155781
180855
105448
109450
176206
117993
108117
221647
102360
139633
137657
100972
108401
65588
136204
142583
165196
65104
95019
226055
185779
223075
165932
105180
229795
145476
147797
177998
132111
148593
165993
114506
113746
231122
76790
78814
75005
17794
41329
98848
152772
77169
103975
39988
109604
130170
147292
120743
127940
142132
144300
116010
59338
126630
174657
115885
147200
99352
185332
165757
188046
89729
137935
81685
59822
72915
191150
95972
107422
85325
109914
100694
89590
88098
50928
126456
131904
186923
144737
114271
65961
32838
80407
129810
78058
147102
62566
181837
191358
127945
195648
174479
112958
119975
159421
174183
188118
167732
164309
66080
82228
41047
39362
18967
27141
57552
93133
163072
194026
155740
179905
232870
214997
183521
169423
202854
153699
83873
77512
215007
115896
195749
182898
161362
207415
232396
220643
211218
107062
97476
63222
124877
116268
116989
74805
29537
58877
140227
162172
74352
122705
111176
139206
133443
51681
98063
152017
126951
236836
161895
71478
155815
160215
43991
67541
67371
65739
125613
109534
139678
140389
134210
70641
165855
76488
71131
144382
88628
58484
68473
47037
75954
24654
46081
39154
91521
89877
135951
104031
178836
171715
37639
27563
46137
82822
106978
40804
38217
50506
158938
123702
177818
205723
122688
111145
61321
12308
17667
117509
106812
80904
117067
95092
102824
134987
120836
129049
108262
75705
152787
164403
108138
70675
68358
143429
177885
95508
101748
127905
112456
72582
158029
161700
76713
64896
61621
85005
123852
42009
135083
106695
96975
143427
123471
137275
140187
133167
71461
52228
40833
33013
65945
29212
112913
115788
132419
68160
34576
54196
37834
105431
134864
52575
111043
39415
35673
65183
91784
117591
100500
144013
138299
39150
30342
56557
59426
79800
91378
105741
111390
103575
127996
130634
85008
140452
158461
121310
76468
82743
24880
89910
107879
68851
98393
85900
153768
83539
74032
95525
189792
79786
140937
139450
114398
70194
132473
89837
43961
81430
137289
124858
188229
102809
95267
90098
128502
84886
86378
124260
212183
219537
185393
110219
115005
112315
82094
41924
32034
42515
33248
109807
29369
40986
92340
45408
53838
99978
126380
101114
61633
58873
98461
51062
64592
45414
53482
58589
59165
89613
66022
85996
88329
76464
96525
92645
76922
59949
68412
116953
67693
108070
41404
39175
116465
60451
114015
108245
78720
66620
81072
81153
81705
112942
89326
74125
85186
39013
65869
112670
104178
90823
112400
107497
116182
49035
54319
114956
87758
101624
91868
90944
78279
64431
47458
59445
52594
65468
93048
47062
98687
56841
74728
44378
122730
124829
70967
49689
110076
27717
108035
82574
63082
94754
93427
81820
42593
68167
40593
46868
118390
137690
45206
47015
37819
51679
46841
84196
150693
143237
149075
86559
163916
89444
57467
59464
99969
105267
56007
83749
88956
53767
90047
37716
109858
27507
83934
68910
60400
64849
67288
101783
68819
120145
98598
109388
76884
83320
68364
63946
68647
148806
161323
131511
71177
53447
66008
104677
64944
87250
133795
39423
125352
38658
130425
49483
47327
101351
117409
76971
66105
64222
58462
100525
78581
152956
150364
138905
158820
196026
148914
94409
64533
57526
123638
126534
120926
58078
104454
74071
105723
98056
148889
69611
70868
74682
109986
119524
121450
90587
100794
111378
132558
81175
113006
110559
90022
90351
108935
83917
92866
102796
132919
125262
129475
96986
106556
111197
133241
125193
95453
77708
123412
144279
154512
92919
129510
67722
118841
33491
148850
103804
72018
73696
96984
50080
38076
90706
104359
91694
129063
102663
107320
107895
142191
128262
134723
188167
142752
117001
121664
123281
114709
129957
171209
129194
114592
139288
140150
152841
172183
133531
133117
155943
176027
110275
108642
132786
178540
194545
120459
119548
71802
65125
48929
177261
190141
181648
168061
145687
157996
144439
178104
183278
205489
234151
189245
212009
188708
229947
207528
231682
137086
196529
108860
202997
268729
193880
143181
147783
258668
212382
88537
92856
92114
64539
101223
138173
87605
104471
74022
76594
92476
111504
322410
218021
216778
194578
188557
103028
195996
202601
212240
104829
96310
78834
108464
104402
150940
229834
246758
245891
193440
245469
269351
231511
250577
203155
203003
282733
263334
261483
130264
125000
173038
160171
197434
171886
248808
184373
157763
191774
166969
208959
159733
164390
125846
109994
113605
100293
279212
66067
55852
128575
279123
287675
309562
136064
143230
161685
194351
262062
246968
196452
247795
250943
244124
153479
180557
169005
237794
132437
184180
196723
332918
387022
217326
265964
220133
420114
234487
122141
222407
100119
248227
137677
413391
240745
147928
125233
363366
121370
157411
149947
144876
428204
110750
135048
267592
146145
156110
150104
271832
127064
150374
161061
135917
59419
147188
81871
82345
188946
85253
179775
188394
57160
70613
98537
100652
86749
74134
48096
113142
123184
121617
103935
132043
60726
134178
100622
100647
127319
70923
91356
217870
83876
110587
50942
51127
111940
139064
117718
30421
37492
59462
82853
87917
121193
108169
99331
258013
185368
270403
37538
105804
144136
300083
140832
183894
191827
343839
366087
142689
252403
177070
385734
326758
216134
205114
104943
135747
221510
214888
162733
185735
248779
250623
151698
183900
203049
106952
166679
57642
85126
226537
296730
268864
243427
334549
354142
172208
137815
141027
89206
145601
138935
89857
257509
174716
190504
201843
177614
139745
137131
167944
242045
311866
172341
208748
160365
282698
118881
168848
210554
183253
96763
161681
161571
217698
296935
112863
137390
111851
219223
61493
128378
63428
82150
112755
128992
93751
72535
75074
123314
101748
290002
153718
177642
104126
126570
294638
222481
114068
121085
135256
146812
119215
37302
77905
43004
182539
77896
76163
77543
86699
115925
62237
83550
81039
88116
63404
75895
88778
83312
81237
50292
137147
131141
106576
49620
123772
109605
193521
48087
77510
118673
149672
118817
102445
127386
123661
99129
205416
125769
187801
151145
108085
127269
125736
178543
95899
91105
105084
136819
98958
180454
146877
151615
132060
151049
71271
83108
64856
87485
145388
141094
61596
139458
162183
123445
215766
162699
138512
152557
116161
208494
121988
138264
175301
124610
134469
152907
202538
206660
133180
82723
157576
115356
78529
101168
86645
111250
105196
120106
109819
104143
155897
153150
157988
212824
111121
72033
139510
49635
60981
107258
42719
119087
77346
65097
93282
64501
130089
84484
199638
171918
179373
117338
304489
174175
172156
249079
104961
107289
179105
159869
381778
129714
213778
217899
399944
221656
280336
236757
241849
312178
178624
222363
236497
314907
253272
272403
171175
369895
170998
180107
218125
269648
338296
345212
230608
165546
109318
245773
150165
411632
349741
196601
85477
125756
89926
165420
176637
193484
257741
173183
218666
244746
210121
253644
193984
122230
123167
109521
326300
222702
278556
294596
301308
261824
94321
158370
115648
133656
135136
115720
163705
251394
170565
129517
64819
33521
141462
167441
70090
25183
33184
94385
71883
70574
49143
41650
53405
67007
51153
83414
79771
57825
107567
58176
51438
99482
45440
49586
91078
62021
82294
41256
265485
82788
68624
79079
92657
67115
74105
166070
107047
225876
58574
113225
376034
152101
100520
266273
98520
97865
408458
399726
235005
399840
138302
151954
162381
353109
229635
197826
30059
459806
55415
196998
500195
73765
89157
109730
49978
131024
88773
123460
91124
91462
159662
133496
292489
160692
140941
137192
57316
113913
135978
114064
111250
30974
189606
611848
34207
64930
196611
134935
527379
295776
293259
166040
181824
299365
158268
191880
177009
141158
333113
395585
283502
131568
164695
231028
317749
401400
429074
507928
833733
258415
348641
374432
274584
368606
425226
462884
242710
341074
124571
405595
395427
342824
416108
420455
456477
251437
391578
543060
383355
441433
522633
176512
504384
414483
243556
387081
272693
202238
307767
542080
298336
281461
519164
358887
266325
244705
372175
344072
355066
380114
312174
292617
311512
682820
343769
408820
166023
480641
615033
623051
697820
484517
644350
626795
630961
505754
629824
500126
243756
218784
329355
360763
320698
314157
311772
257767
352789
283857
350051
325276
322631
139060
64588
154638
388180
187455
401067
126076
326543
163011
392539
409035
406234
140078
416651
430813
139386
174236
275643
185944
96374
198035
252096
528257
174402
113251
278975
259262
187330
275937
267255
292094
221397
165092
207822
153553
165633
246672
379536
166387
154977
226384
320529
174586
237243
319305
482245
208274
317172
204408
353287
219183
265273
365522
236123
373450
300888
323166
255732
257650
252096
380075
274046
178065
601866
362950
197031
451164
37417
75308
176687
181240
184122
142243
216539
288073
294907
296691
191057
101641
346968
344331
347374
309372
483923
315952
643171
854294
70171
329226
349300
90462
374977
452976
599036
153613
90014
188144
170936
104655
209669
174457
178565
503015
529463
489195
185718
255285
75812
312213
94246
120959
249164
255903
192615
137263
177602
108421
148079
493978
509062
501291
228409
519992
250624
600050
499005
340387
634990
546201
345572
501894
390034
223983
249814
347866
263435
359413
253976
348984
274788
383846
462821
545138
412007
431136
385550
665624
167604
366879
163568
120923
359793
390164
460744
365950
364151
222586
208544
200970
677760
395499
184019
292911
360544
374983
524569
581697
205527
173086
51081
520545
244708
97209
242418
40796
114210
93127
89451
512139
104012
139024
156314
245087
279194
238741
228862
160780
264863
286374
299633
270733
296892
346413
213888
223872
220199
253610
304688
273141
253328
141350
278178
245161
358492
328202
354393
288820
424570
357088
293450
126589
81629
118812
392977
209751
277148
368195
244747
211321
196882
203639
251281
496335
402050
245325
534556
285821
483805
330759
163945
302839
154052
347714
342086
436460
329700
528137
163838
238843
390531
356794
231172
254774
329449
470924
443519
463208
489975
465726
524721
505385
299531
137101
325404
571041
363024
366700
376791
349415
492875
291959
491256
560184
649156
464959
600986
492933
460570
458818
374933
354132
473797
445951
501973
369412
591010
403660
312737
311337
535384
553003
578742
357415
339355
622571
128160
449123
79406
898098
81928
542550
542890
560474
94701
579978
182592
667316
249721
261935
110219
200027
513326
187052
111436
246060
93117
275315
346151
168723
266334
273902
325771
239270
273686
217695
257635
331272
244552
384173
355753
278914
351330
255163
393128
437478
390464
458449
261793
411334
420824
217520
344627
195899
504078
366471
296674
383074
1028755
435029
229110
390387
384933
221590
110155
220534
118813
114642
223000
304918
434749
287990
203232
98350
248802
343091
173302
333520
552385
155015
243742
379282
245593
159675
411971
195631
262673
246509
226856
308159
432450
204632
438782
450311
216925
248996
102961
194304
235636
341269
271265
202364
205558
204659
512494
350995
340629
364097
525631
604870
225095
285317
301965
291715
314514
319292
224392
326392
341956
317851
260934
105490
116954
351348
135185
85573
402951
300877
311120
312928
155166
338107
346552
192552
71023
201975
444701
431989
167261
226310
172399
239183
470283
163316
209832
250885
436489
127975
229808
151415
482425
524191
154899
102993
91809
105266
343412
78282
214931
193377
473248
368748
282806
204227
244294
460982
411870
403958
425666
299761
487529
259247
392411
396729
368931
389558
606266
470214
597886
566371
707884
698498
711196
583355
719902
601930
724547
475097
423156
378774
430661
650281
615420
748072
465652
403711
778175
550979
444983
498716
496118
432344
436411
495852
521113
84559
480831
515424
458394
525401
434624
495911
482925
441042
401569
771800
644515
460362
153082
544496
476435
488966
473300
404689
493735
407534
580183
155261
572466
591089
278005
354810
185509
179270
185424
267274
396507
101314
207945
735850
416794
418561
392846
495358
325269
843195
445268
523820
554608
467990
445958
567752
187347
203488
211234
118530
244320
219680
333304
467247
895917
276108
367950
342599
393184
281588
366835
380216
353367
387129
475388
391344
151339
282424
258865
147678
410426
192617
268669
284803
179804
183315
202238
204970
52760
66444
230107
145133
259816
83216
125397
149511
143449
130476
199109
199571
198878
128689
352760
177056
150185
353560
153154
146141
189144
171455
250151
256692
153197
238579
287184
181687
201290
321646
250799
321670
264148
211952
408034
215904
292871
295090
281188
207811
286025
189563
207616
208086
230599
76988
311619
312611
227088
646221
348318
218417
227741
442138
278173
147108
337534
241594
215556
282470
257275
363317
677656
247908
299283
422160
255275
138157
249695
293585
245881
352631
450697
119873
265291
526943
298151
435857
355659
258914
345197
438346
269526
286523
133970
304086
300603
345680
415152
380504
162389
465206
428842
158959
363643
207229
333532
289271
399744
391051
251163
131392
136305
147606
289362
167999
166168
133874
329118
207666
237236
189052
209399
163191
342934
199096
171845
573174
257285
183917
280724
165638
194541
325893
414596
308475
418717
86610
310772
314620
264009
133241
237655
261534
223464
251692
357603
247269
284564
176833
143867
171465
187679
185909
257751
192345
247262
242539
178286
273838
179930
