25581
22636
36225
7152
19552
31501
15910
7136
24116
16060
8008
7597
9468
5989
6283
6170
5653
9030
6111
4908
6357
6279
14305
38939
86624
10905
27425
58681
71020
53117
18850
47673
35240
43590
83320
51167
68124
23335
7535
14816
7190
8460
4715
4603
4784
4303
13424
57673
17396
46365
78020
61870
25858
90337
74485
34296
22809
54595
35488
96231
31937
52822
7041
30963
56663
104963
18701
26889
61732
43392
51488
96058
36031
15754
23719
88783
56496
13846
42190
34297
74806
51435
9864
7120
6057
24924
21432
91218
71153
39983
95811
57416
65584
77424
111596
49750
37709
53907
103510
70701
34608
46658
18291
82927
87803
24953
9431
6998
6029
20592
81150
13006
90741
30066
45406
74409
57592
61461
111669
77762
45789
61621
94388
9286
51113
67539
82629
63232
35364
147426
100203
131892
112384
107498
97637
167220
51188
83258
35343
183113
122667
35499
23885
59652
9678
74491
42386
26704
127703
59506
15581
68234
48778
89408
32591
36778
20957
145297
58425
90962
182831
4681
60086
257325
29757
101954
98305
66140
82690
46609
87120
34855
14998
71238
78614
18863
50858
6090
58469
74435
13044
71106
111258
38848
30529
55299
87611
23582
43306
107057
20421
95364
16299
30089
115121
54323
79137
107443
33818
58772
71385
83644
95740
276116
67819
180205
260017
64453
76626
144705
164084
211841
244393
88655
153078
99883
52541
93381
129844
105109
111413
198209
34890
609856
625726
641539
88018
471618
515593
327625
359962
311997
280363
344509
378655
491758
411968
39580
56064
97570
86964
134264
502006
555099
62196
111692
82078
446856
36454
302911
431182
271626
401571
256343
587526
540161
599833
464244
52536
76997
92152
66997
48370
572348
96955
80659
28821
57763
34837
27462
75897
40537
9307
8058
6456
9130
79039
48867
113179
64863
53499
57868
21627
90736
34698
38530
6266
141026
94683
101202
158232
174311
66527
138930
34392
82753
122664
126651
50610
19565
18675
108469
79754
15389
47041
51994
35907
84491
95744
32297
67914
65147
10819
7225
101220
96294
37279
53284
25884
70057
82286
134608
198876
166832
95462
91725
30979
67987
23635
43353
52085
59913
55265
76159
185624
40480
93050
44706
109465
233200
157398
13447
84887
124437
71615
34824
19836
79250
62575
48956
32314
67472
92447
84612
16891
51280
25654
58143
101893
41361
13685
30003
45598
62221
90824
79504
12962
9627
15896
11940
84267
92356
80440
68370
37042
24690
21249
60228
31622
54334
69567
82295
86771
51314
62835
32366
9385
5257
5746
4655
41456
49985
58194
29967
11322
65623
165726
150569
122138
234296
106416
28010
23242
267794
39575
75348
120050
40909
291669
252080
103578
15833
140485
59925
203650
92517
186069
86009
17571
18772
8737
5116
154732
120972
35430
231504
159658
82948
175679
182501
71635
190973
88103
263253
280180
200072
248359
311155
204077
296501
236830
216832
61358
140776
133064
32209
112449
28233
49557
168708
101840
61900
69518
104968
45438
15241
8234
9921
26264
42833
37903
55120
99178
22787
82679
75236
60609
45421
89285
29290
97485
13929
5685
30416
42100
58053
99739
10756
26137
86847
70962
61947
22569
38409
14624
54707
47483
79168
91832
76162
7741
6015
78940
56058
236713
387508
90650
256355
376995
41146
45244
351740
89778
69785
286240
14007
226212
193665
78492
25803
53948
102611
29951
118215
210325
38331
74707
22590
318524
326167
58463
341972
15382
12547
186780
251888
156495
64398
47783
16198
80310
172673
32571
125118
85082
141305
37634
68881
221170
269022
205881
237877
21676
53360
111249
9907
5716
8475
89021
192932
56227
121454
93915
61546
78387
114632
158009
82302
43096
191931
47592
164076
70483
182651
78005
102405
58599
110256
38693
178836
115387
43274
131756
151459
75927
147752
135980
223973
213469
57268
37587
9478
4897
26587
59252
82576
71610
11836
43946
76686
24184
68643
31939
20461
48507
36782
16690
52375
101691
109148
41221
57606
12624
7418
8118
6012
5399
5804
7292
47667
85159
69149
102171
64011
60117
108538
32681
56833
40365
44896
93248
80327
76853
8183
15067
73727
111282
123277
36092
159733
145088
50795
23184
71049
36320
52293
69899
66113
42500
62436
22049
12509
26399
10582
85913
34196
19199
82355
26853
11113
59802
76054
39994
23612
44147
104021
56886
71747
53210
113982
70028
93116
130222
13919
5739
179796
196214
91856
132781
244614
165122
98646
42393
54829
59205
120110
67687
100265
91840
86905
24298
35752
151835
76040
19912
84257
52060
41667
29231
34335
18478
82881
66596
75759
8486
76664
20861
60128
53861
67363
48348
20697
93070
60873
84722
28852
81267
44417
37672
25449
41596
13086
15749
17348
144913
127952
36090
100251
32917
63778
81108
16241
24462
88631
120716
97280
49877
73313
54240
8951
9417
5709
117149
134537
45418
82351
207335
51593
68609
29237
185928
33862
159244
66519
170535
104045
60496
17268
92673
25377
43863
80915
25881
7799
18607
206458
255044
154846
140117
271734
12573
64018
240949
289108
60704
29160
21559
69896
85586
97260
92406
189014
41612
174580
46623
58441
227264
19077
50907
123634
35858
10217
6247
16765
197990
43121
14907
39277
122777
49971
65795
150962
167761
63192
23737
79187
83405
135525
31679
204008
107160
20427
35405
89606
58141
94396
15143
62238
74007
49487
31513
80073
10692
6230
26690
102219
12834
44988
57977
24477
89248
24984
55082
62488
102519
54544
42658
78232
11402
26450
15028
45854
12730
99589
68089
80439
183910
29318
48162
131133
145350
97733
65705
112923
81280
34029
61126
6416
4565
4789
16257
21300
33132
72944
37878
65501
137385
159028
51698
176048
61327
36792
113165
20950
52957
95511
19722
12830
18491
12950
9138
6081
268139
66994
33188
65389
57526
81874
38640
290260
10748
54209
26817
18995
42237
19487
255022
234659
50579
9373
8732
6241
6321
30048
33571
246395
94192
215157
84190
20181
283826
260671
232568
15916
80737
65233
304146
48770
68831
53924
5732
15233
172131
124644
56465
24929
99520
61350
28856
40793
45329
85486
154848
50437
217652
234295
122308
188489
21317
170494
266933
14465
282002
143307
249622
39411
155425
139108
94908
295393
111736
10352
15692
86034
91727
37039
60191
169893
44351
85497
82174
65853
54245
30442
102575
37443
74098
22038
310290
82452
31057
102048
20597
68104
45735
29533
61725
37715
14094
88326
90078
58250
82264
9363
6463
5407
4529
158584
74767
175030
39888
112634
16960
12723
64370
60492
24861
68576
46176
45560
29171
33366
145143
97781
129395
197373
82232
206574
7618
15208
5749
63187
15789
52170
21471
78788
30958
95364
83864
462280
48426
36947
357689
306864
495017
322001
258966
51046
403814
456568
67071
19261
375721
439895
423259
339606
71318
59499
84097
292360
275502
391928
24282
48250
12601
100740
15796
37439
6446
198506
57428
333967
74373
66516
86762
50499
62751
15293
47152
79030
55162
19227
21960
71077
99724
303518
288310
320223
220150
271926
256551
92910
237007
11839
45264
189949
13544
8554
6349
6516
14570
98516
13615
182453
46259
58613
83528
43782
40163
11705
79790
63458
20231
67898
75340
55866
52769
60805
138296
53510
175285
62238
46688
16412
119044
57391
111400
77595
22268
14149
86368
74389
38427
82505
28305
54686
62811
106962
23594
70235
95396
47350
43116
139616
18988
67683
90991
50915
102788
98859
35952
203922
132251
5619
4698
5311
5109
15087
50612
91464
44588
53338
81322
50099
90568
106577
75288
67483
31592
48986
53180
174464
82398
78737
94779
70916
22861
132066
62392
31069
159462
60551
92025
124562
20699
108175
76024
380394
28950
44766
17332
133043
40485
89422
117744
69733
37122
105831
101382
114036
50316
19768
6743
6295
60068
44728
76123
15393
55799
30287
24155
60108
12245
28386
40309
71925
45411
89160
5675
133821
166425
150817
40248
19751
28091
69052
85204
33220
101122
81091
17160
25718
53887
94161
198347
62302
50474
67236
46937
38996
187193
15058
111306
75574
92119
80289
107629
123064
61665
14578
7723
10400
6815
5452
55975
24325
40590
37141
69117
100383
64946
13529
29808
33945
81977
49404
18385
74237
61931
90388
22206
53983
45984
10444
15421
66826
94553
74931
35403
51162
55901
87337
38196
54546
98356
75455
58775
42580
107334
115687
36696
30897
90922
13083
45436
38586
78003
21932
106534
69875
134730
166767
54984
83162
50869
118895
111997
19234
67661
151578
36400
60643
88655
184013
104710
33145
7841
30276
45851
54386
106219
70736
86982
110230
187789
163375
99099
175699
143007
40103
96145
23553
63724
128238
80527
46738
52267
114434
118268
86751
74519
99087
38439
78482
183173
27506
192613
44785
60634
71586
32828
176567
65432
96556
113164
93124
153077
137459
161318
129031
145703
170204
149998
165765
34438
135241
25003
73891
57273
97926
105670
42474
186282
26550
197271
205159
101372
45754
93593
34399
74084
49976
195070
110678
42944
98662
175978
93154
139453
137877
194279
61894
82132
109991
34681
86786
223291
58697
71132
186355
173221
191596
130969
159423
91655
156713
164315
77152
128977
205916
69300
174048
35955
27402
15683
19865
109780
75385
84384
51847
12308
60996
44914
29293
36775
69040
21407
94941
131084
178955
115674
78608
32700
74601
63065
95152
208877
107768
108684
19744
172473
157352
199795
57340
93223
81880
181516
74037
29641
61294
33732
10186
73957
63089
90679
40947
10740
27014
37306
20216
59878
83538
52400
32506
80985
49063
17475
68294
12022
6836
6375
6456
5303
5650
31418
39499
24481
80309
54713
72951
364945
88808
50273
66167
7932
90205
9489
57866
41311
33422
50451
74560
65948
85762
9258
7707
4653
37216
57062
65444
77526
43904
142058
158065
194565
146401
182661
96642
50949
31395
68037
79467
92544
12587
97050
49159
56720
36344
24798
88182
173314
73789
21051
45711
13077
99636
203691
667013
715320
579864
700643
371164
653418
125253
110430
313750
389676
357982
209042
94619
535685
463256
503946
687886
735897
115926
27872
279889
423953
343959
172738
80585
36220
56236
518158
104550
752797
45097
305551
253669
141090
449109
410658
177309
89898
266470
190432
434510
198022
51073
630062
294695
165683
50114
104292
415725
122210
174319
21703
545740
18243
79263
95358
474541
487401
639206
658665
43147
163166
143803
183407
563931
459833
132225
191367
15361
115726
532131
63859
72193
88115
443915
84574
167742
67872
48371
89651
9676
9226
6836
67022
45529
78666
14301
30770
62927
24571
40471
58794
7282
9567
251761
268155
218977
298022
294123
51811
36076
67890
20794
168797
218693
282884
266890
139882
188757
253168
156735
124538
133689
137421
165158
33189
237906
150264
154797
82876
51294
67465
263498
216924
306924
99636
199216
184679
204579
280240
297119
232874
117364
249209
217500
190760
175935
213115
12893
107752
200085
140287
188917
172651
157133
125595
46196
78310
30844
62662
15128
13137
52630
121388
137610
101385
184067
314022
250322
216318
234156
281780
221838
255998
147462
68040
180565
28508
52378
239957
99979
304385
132681
272284
164451
85268
290171
114133
194888
94860
79801
42243
308384
276332
163891
180981
1290610
162474
174232
79154
190435
95525
58558
119027
124027
131416
206773
216320
91909
32489
44556
24651
276475
73500
49593
101437
229297
149732
77169
29555
261419
41166
1181712
298311
89521
182465
198482
57827
65145
246763
162104
19696
11466
6942
69744
186063
205294
86412
138791
154102
123326
54516
78489
171733
25011
40711
90397
110742
128352
144929
161088
43099
75055
143595
175668
67568
60749
99789
128090
29099
20199
36936
52854
197151
84949
21537
69634
53017
37167
96430
85118
77348
249975
24449
10371
5354
20691
52650
217267
232858
280345
46615
14825
31442
195567
27312
63748
74909
91539
139871
171805
44457
60352
156748
124040
104622
188923
152526
300118
72842
137173
122067
169314
82073
109456
89866
42706
270562
254380
6203
59186
95758
71633
68208
56243
20248
43881
84048
31765
48147
79945
16679
6844
131844
55029
111733
63246
12011
20167
200041
123443
67917
139956
176123
101304
52527
92631
164848
25406
41261
76933
129820
89587
189975
153570
82799
46784
6538
40632
29726
53510
90002
49842
85584
65847
18000
73951
214836
38322
62220
26140
134925
114919
211303
190528
19087
82679
7099
10005
31958
68216
20481
12900
36552
77555
25864
50099
51076
197838
81830
46462
689169
613991
565080
661557
550271
422043
502233
454523
782656
766611
798657
582977
819705
602257
439661
535342
719010
736055
679394
472116
487391
631709
752480
648250
520430
17801
355300
89249
94940
29512
45944
61633
13790
78204
123937
117290
133365
140927
157370
109610
193667
149643
174171
166524
183564
45341
16859
68810
92776
107919
81916
79282
60221
23523
31639
92424
44260
104368
36938
68955
9919
13367
57703
6258
247060
334327
505171
494655
278841
144604
20595
64750
392813
324220
579841
80458
372120
56558
380947
525109
44383
349112
53093
404204
76603
120478
212556
92731
233071
168078
556990
449628
102000
133451
266109
181186
298210
425574
314146
438455
462056
205712
474656
33941
194713
157727
42129
90698
70317
30962
488123
9874
19164
10009
11185
7322
24279
60135
172461
113764
81088
66876
54151
38514
42997
67372
163585
106871
87782
199820
127041
188333
140422
153206
37078
53062
21935
26633
14289
12868
10130
5875
6272
13755
25298
58116
13949
42820
68074
151977
136696
40873
108957
104024
52654
180877
168765
201184
121823
93959
85903
73564
31180
58161
7077
13904
6456
69618
77554
40701
53256
141290
161559
25675
53418
33109
19871
129450
84082
30049
18299
42485
109688
70494
38365
50494
62559
16363
11921
16580
6192
10478
4923
7551
51641
90579
11596
36187
68761
32288
23615
40743
64221
27803
51996
13407
83803
8558
14208
5210
53636
88345
10338
73989
65095
49287
35407
17711
29989
118488
35498
13606
29194
73838
45501
49582
90173
61585
98189
85179
109875
12359
10074
8861
7046
6294
72992
53364
121969
10223
42089
65398
26510
30939
79049
50907
39040
95003
70290
34389
58925
62297
22752
19490
47689
87489
15047
5050
10491
7106
5686
10293
66760
74866
20766
53055
41502
25824
58104
37958
39552
87648
79503
56452
25074
72998
109311
8979
21220
13814
7035
6339
9122
118923
166654
51059
135118
47348
59592
67853
19637
44282
31894
80522
76032
36814
28107
84988
65473
153348
7695
108339
92823
86581
111182
54736
58928
19415
75188
215551
79413
27703
99730
127765
159528
67879
83589
143627
96414
175736
46172
32500
40668
71749
36378
24915
52837
64650
45074
116695
193387
92771
15949
6315
9070
15010
46963
107492
80043
27994
88297
72758
45439
25558
53809
77505
13669
33826
61936
87699
23693
59339
72217
67401
44581
8788
41973
13777
61297
46074
77680
30137
94097
10012
99574
92154
24138
71654
88540
76062
28428
56876
60861
45628
41924
8626
11732
5602
183264
75051
91421
135506
80004
60981
44578
152776
32581
64954
115835
18245
45153
62308
94101
33549
41069
25884
14190
181684
61793
86448
6292
9454
79131
30700
42981
67520
91954
48333
104403
76719
94355
128400
36899
176654
161324
52219
61511
29712
25830
145728
193019
209957
65992
57925
41745
89456
18164
15922
33626
15301
47637
28635
60986
111880
64955
89363
41394
24618
73890
21482
54063
70102
77870
58210
41081
15848
6611
6403
5225
61693
30453
58345
109942
142237
90886
79133
37466
21549
101388
53902
50070
69715
134321
102131
91623
18507
36854
114494
97073
105303
29296
50425
33910
102620
134068
66479
166722
71714
59077
110788
82695
150330
47022
63254
78885
138612
126587
23440
42657
87423
71653
27004
90904
95501
55688
155531
183332
8909
11324
64933
22646
63535
39228
55972
31536
47384
35478
88436
19833
52090
16588
74980
91779
8581
4973
5479
5605
22240
130806
146288
38236
162145
59189
66680
114961
95423
86858
43232
74771
47666
103899
70966
55920
79998
28087
16304
63824
173116
13430
12995
5819
5573
4817
65165
21855
96353
143642
18965
50399
130952
8366
116907
41180
84727
57333
36823
8438
6317
112891
177860
227261
76032
144636
149004
132682
177057
49378
73162
191806
161844
13866
29791
61626
130503
114484
26316
42986
47126
166675
100539
40154
65057
89349
105020
73401
7301
8055
6118
50632
99595
42574
75138
11214
38855
23216
58895
19314
51622
84738
116319
36794
68895
65970
34784
110667
122818
30984
83711
140121
24805
160043
178065
194825
213623
61533
19511
14897
5964
34109
28046
12682
64576
36672
52235
60957
69502
81788
48927
72148
42260
98250
89429
25751
21760
86718
14026
37575
61861
23595
51816
12281
13664
16418
7081
91090
47722
71221
39605
23548
84614
96710
7113
43183
63670
151575
16083
139059
122748
79164
35031
163427
171428
87840
95085
184079
132439
32799
77242
121330
149530
171330
163376
94932
182992
55793
31677
18852
59265
104640
27198
48258
76911
13515
74618
94718
69930
126593
48949
146655
16765
24243
12943
51491
75980
82794
93223
73266
21356
29986
10039
57637
64001
62075
26275
14279
14373
16857
32778
88872
70027
47423
12481
68842
56964
40498
44831
101040
88203
25040
120668
170851
31495
104156
73945
61383
52710
138307
18774
99091
80453
30807
8053
12394
14436
196077
7320
11691
64369
14393
38379
79678
71197
35121
64302
83907
48205
25337
52015
12018
48429
64935
80609
13980
102671
38953
60973
29500
9420
5928
15705
32095
88530
64127
43987
52678
12618
49176
80790
61784
38666
71242
78716
22644
95210
27913
11233
7703
7859
6078
175448
160138
36285
76041
112628
20625
132750
25144
144667
72525
57341
41247
84725
97476
61492
229735
5970
112685
165392
42156
74531
26571
90852
130003
10566
82786
152481
36698
52594
47984
68795
180943
32498
193182
64485
21011
96753
165305
61338
17848
82845
6592
6069
96489
185079
245709
51350
83068
211442
35413
19743
227885
40572
24266
56450
156696
141188
68697
73393
89537
77434
61055
81572
45240
14236
125829
173790
30725
6697
144333
112757
129095
161448
64076
205781
78047
86292
49699
33745
96542
18385
58332
59109
179597
79082
107968
99729
120235
36455
92350
144202
64818
44668
85068
161430
213600
53056
153405
169969
134001
78339
191020
131072
119675
71280
139957
36343
116140
200693
213114
53090
101924
7540
8850
27309
159632
6250
6481
5425
25509
57407
85724
10102
41921
18639
30340
34271
51095
15455
46769
75537
62863
10110
8296
6250
5096
50004
54080
65930
30273
38025
62599
19334
70717
46990
83423
99574
15146
23285
35279
13549
4180
96038
70219
90256
22309
28555
104219
44301
12365
70452
19022
50599
94708
87525
66940
9466
83368
34388
23119
120279
504973
297320
152509
173290
265226
17134
81810
158300
361910
170013
430032
77975
201788
281836
53994
66003
378075
458560
314099
398408
330162
234153
138024
95638
474881
490889
442939
250665
346521
187851
5949
37566
166700
62265
86024
70370
118529
103441
143561
130964
55152
135039
19817
239556
156005
224785
69150
85242
36862
97800
26039
114085
209362
53896
150165
162310
81682
186439
175593
127760
6223
13408
5506
408944
153519
169388
137123
26341
14091
46066
202326
58023
74502
186677
122695
30721
43195
63326
5748
81938
199939
50777
110673
231167
155557
71200
27379
15503
86953
143501
124023
47559
99900
91971
127675
171588
192048
247803
187757
176350
44319
160185
76156
68325
140533
32033
24656
116762
216680
7946
6183
5123
78917
83073
35439
28092
19898
192355
68656
72704
32870
60742
150999
25558
92730
53094
49057
66127
118416
41999
18555
207064
179120
14276
46216
78738
133750
58863
8514
12810
63079
87301
95861
31454
79574
11839
48006
16435
60425
92420
77939
47575
31862
16379
14514
38915
142609
86418
79536
30974
23688
99685
95420
71760
46794
175956
127802
111749
159597
27655
104408
55537
124719
61704
140421
92446
76180
61110
44476
188483
156460
172987
6691
5817
6686
148104
51303
132477
56396
44808
80763
164084
33066
39905
28334
68553
92246
17191
24895
13299
181276
76899
61442
117335
6797
5641
5277
5317
4959
4626
3987
42639
54958
50955
39515
12041
36900
68208
21277
25484
28821
11943
14660
80828
16976
34365
65863
50454
66192
18405
98371
163176
62725
195728
82944
159784
147117
31863
192404
175678
96157
128013
179830
32078
79863
116560
48278
132303
212662
52184
146075
366389
94697
143580
35621
92714
28907
73085
53274
181869
457497
57466
42043
70107
66089
121729
45712
166030
211624
86345
62448
98875
78614
119925
200278
36048
308783
92321
84115
328712
109087
409017
24855
477291
29283
52640
497519
345051
138080
112392
393793
434657
510829
363440
11933
101414
105439
49180
26445
9827
62411
78764
46566
14478
66923
35101
83152
4520
6431
478528
120048
25398
112564
20645
477829
62414
89993
78531
313929
46397
106062
202951
186929
171448
151410
59671
71475
75389
88584
57254
110003
95522
68259
60990
132147
117322
77292
16979
81493
105182
40899
49093
13664
53840
29421
25797
109932
38017
89491
6123
5161
20144
72515
44751
157000
28865
97401
121418
33454
102487
13273
81286
86136
57617
42438
18368
53749
66209
90772
77914
838785
110162
70855
187008
7117
8290
6137
5937
4392
9245
77919
21614
34968
642234
689897
625935
449947
658876
463213
706188
334870
278817
742911
347569
415288
675523
307095
363859
496183
727418
759370
394430
480476
56116
428686
506864
253090
380729
300340
70369
6621
328536
153733
165396
117770
142252
257765
131128
139799
106094
55817
84445
40486
24645
164870
60537
46163
13688
108024
51441
71727
84300
31969
157373
180809
132560
121144
228905
254252
82703
22112
38904
242428
106813
77381
45959
21482
33629
83152
119270
111109
38811
130974
67056
163018
183157
207147
28055
87605
91905
108172
71962
148222
200117
44722
305276
116687
52874
105385
97846
33992
101950
65929
77931
7758
6257
73278
41726
106085
20465
9958
36554
70077
26581
55150
60155
5781
4979
5077
5235
179120
43090
75518
28299
64134
132896
60404
12916
19817
148886
49107
38121
118218
17044
110243
36066
4971
5897
54289
194875
291078
229822
39664
59795
168132
136213
72334
44334
152962
88550
76354
276254
92989
200130
25104
264545
213317
281673
248742
185666
29651
6054
30626
139214
47678
205928
16243
123662
171904
80375
188534
84442
35911
108700
157001
68283
64593
40234
20475
72519
56675
52568
864975
8869
7572
4700
219712
283919
88119
33107
73216
69382
25171
21473
41200
52780
49530
81717
37788
17971
57664
238179
65206
114201
97589
354672
270614
254406
302382
371397
14408
19461
20841
84858
16893
66348
81818
210044
114955
224498
146912
179804
294057
263893
196186
43998
32750
37148
53015
281070
94278
100736
65465
249305
103303
165068
81702
135885
27318
6101
115912
164847
51293
19379
27180
71431
96010
56041
151085
96532
123360
35791
75891
135605
39531
63779
144037
62687
174551
14917
158799
91160
27874
47977
16743
11258
7400
9115
46625
179816
131331
96703
116039
32882
18138
85653
150190
69546
170338
106777
49327
61704
29873
25453
57309
9548
97777
34007
17676
46328
78352
65596
43504
85361
14268
20784
10394
7850
6645
5777
14980
75899
27788
23997
44689
56832
72519
52209
60931
48102
69087
80320
97211
64293
20534
37348
32143
7674
18560
74029
63783
15578
38023
69800
53921
22260
86628
133861
74706
106783
58636
27298
11960
44256
52017
35756
7422
5737
77500
70524
38885
93709
66526
43033
62980
19448
46486
34914
87822
15888
104071
167176
83543
20231
61735
54140
57983
121822
137767
153919
94751
113512
78860
12686
9104
9075
5642
23299
30589
15043
90881
34965
63198
67105
59652
72127
55867
75943
83826
40165
80500
47598
43631
19671
96749
28904
52520
113685
6749
6091
4724
10771
7037
36992
48333
65325
17190
54206
23073
87012
35277
47085
32067
71126
16793
13433
36525
68241
20157
82983
8854
52451
5126
5937
58142
62817
17180
12546
44923
49316
33755
29221
53910
22105
90160
74094
37782
101771
6292
9906
5507
4632
5451
160256
127934
23999
180501
196517
37054
69309
73275
58021
145154
21487
42086
54211
113528
9585
13258
126938
195205
179234
31210
51037
391395
147654
163979
115419
131937
87979
20146
73042
192665
145343
112931
8897
157064
193539
23519
43055
83202
100085
164921
28473
92079
110733
39781
116777
57338
262209
188855
144366
200624
72589
118564
140545
129071
105208
205170
76929
180893
280943
153103
88741
58194
7199
13659
94844
19347
35098
71853
52704
89294
7614
10596
137458
25516
45698
73145
153548
58304
165043
190592
218582
78644
110807
235303
163792
122558
91566
187371
251845
136182
67879
267850
200321
183957
167069
284688
32997
132401
152575
45718
10828
8020
56674
138288
122426
75210
42644
92504
71293
175751
84022
76895
142479
154413
103741
48458
116160
96939
16452
31774
237497
154604
318760
42869
78378
58815
161793
164927
177943
47204
126643
139663
94553
123484
303638
176041
26703
32061
111758
268314
255679
76459
288514
197085
92854
65270
352954
225592
133328
506059
17985
10367
71331
87951
148111
6588
6578
661240
681513
58312
54561
49945
646425
226713
534358
631303
162840
19673
39642
35867
27230
243116
257567
23070
71262
43512
75619
276602
68455
12965
96001
6038
6756
140907
290774
647846
221499
212298
200300
52341
12303
616573
276254
19627
28318
112008
128256
304775
176657
244907
664051
60636
44958
68358
97370
36997
77183
162400
94003
6328
4961
67658
27688
46198
12754
64986
36645
81248
21385
206338
173661
58542
9458
6380
4899
5472
260995
277816
61178
69188
298252
137583
214052
247154
230461
11454
15445
159754
106158
47831
31365
28102
92382
59879
75929
176342
192934
44368
124593
10625
68554
40145
93391
43377
78320
30380
82381
62139
108625
67026
35272
15021
143794
128023
88018
160439
100941
56260
20050
25898
10173
11262
6716
389202
273127
225870
26376
206850
350971
337984
42528
112714
22387
46263
70358
78957
95055
375170
62593
66579
406324
18974
83415
51386
39244
324043
308359
291676
244267
432344
260047
448664
56622
32609
464862
38563
23473
9162
39491
62136
26702
10672
78259
90776
142819
17274
157266
141723
122071
81790
98008
53732
34090
118691
187126
66407
103204
171388
71543
197926
75626
138983
271942
255670
392378
175687
48032
107450
287895
127915
328260
53324
40503
65020
361786
29839
113691
304323
25623
61735
377314
342280
93767
45514
18518
181573
33998
137683
82420
98256
166423
91091
7715
8479
5550
7406
10277
62457
84680
66942
58846
83321
19391
15435
27708
31994
55259
51645
72127
33515
108617
5834
8793
8771
56162
40388
72761
76118
82441
18148
26857
63081
14540
50636
67274
31183
47132
10929
35256
11492
86982
84766
202799
141512
73185
69791
101554
53348
157694
172946
225698
41190
126022
26026
57776
22689
39542
107807
95766
48068
100037
15605
192264
252534
64738
15121
11731
173815
22518
182726
118899
75102
110589
137408
169921
154608
90897
50578
46894
18740
63202
99237
95050
82824
35316
31343
19802
5561
102485
157721
177863
162765
195039
226917
18497
14872
83261
62603
135345
47233
119169
151450
31969
67948
99952
140860
97420
125536
51416
82730
35511
179725
67723
202357
20015
159592
78431
326961
184121
168034
135892
199788
121734
232660
104161
108165
56351
61286
152995
76976
217670
122554
100037
19930
267964
464412
296773
160568
87991
248459
313050
29298
332851
113517
213549
152397
202294
62556
207516
66356
287250
50962
191353
451356
17834
239801
367918
137670
84182
267832
184200
222434
364674
36111
132977
484757
320450
125378
257407
384874
77653
128825
305295
121849
353560
237515
349616
399302
285918
109962
49770
176866
181079
219279
163496
127875
143751
207301
28585
60971
185316
46009
125462
103212
171223
139386
155964
79479
96226
27536
116655
60860
77039
45042
94130
93092
44578
72590
108544
36466
29487
85305
65411
80901
21897
54273
126780
173874
143141
190080
158953
91453
6386
6977
7534
109110
125131
81648
69921
65351
50353
20931
57053
25672
165787
41795
36928
17435
34042
201819
65378
146167
50142
6492
9545
37075
70399
51354
36020
46240
64673
80266
32602
15927
96050
84995
68868
88274
20402
25588
57415
10939
6743
7541
4980
292640
260369
276926
229390
245095
108794
194803
491459
90752
322676
131404
178930
339788
163571
215774
392030
67534
444686
412822
430135
73640
149067
478496
46376
51008
91067
118736
358359
103293
35331
62987
27036
59337
463665
86970
23180
39883
379699
15270
16280
28195
8447
159879
104536
35919
56389
44103
148398
59904
40213
79914
24673
72355
96961
172381
102891
31082
70418
186569
129803
53138
71068
143235
119505
84977
61108
93722
42145
102402
35956
33130
19660
32560
81462
21783
43426
82591
74153
42337
69862
61629
53966
78324
58700
39386
27228
96668
10374
23683
55406
39943
89709
39451
15401
47282
63139
104648
103664
55477
11327
31731
73300
81841
25655
89263
12781
5043
4102
25604
28991
237558
47154
43057
78999
115916
75905
229863
65731
98193
210514
62286
278683
262696
106275
94242
20496
10026
8108
8285
51311
67365
79260
15348
223664
279506
63622
39578
31545
100119
131485
24403
72382
164457
146081
204643
19747
56514
48470
36655
117592
15583
15337
5606
47482
30936
19185
55033
23301
35909
64089
96756
72310
40610
51805
92621
68735
85035
17435
6195
76491
68604
45058
485566
56868
32900
453293
513427
85465
357211
341981
389742
93624
14411
113656
326535
74035
470296
374889
23142
62514
27026
51611
16360
5480
4701
74712
11716
43334
91835
195211
27998
52434
21478
37677
61595
138289
7545
53282
170535
51238
303052
139498
404405
28814
280279
88785
517844
216588
257223
125091
37323
109722
189395
441461
377629
457656
489970
94794
654633
106488
362948
346876
299740
136003
234955
475792
51792
99432
104074
208656
428719
44598
160232
249204
273004
395770
89075
84768
200773
117288
509917
39329
8772
7219
10332
7907
34948
20574
25136
17114
61670
53306
42084
82485
52561
16162
12714
606470
669878
322315
338779
354836
655181
387901
640080
403995
536051
704612
440865
424541
457417
409752
489990
473575
368292
384891
318491
442817
398616
351081
479084
390780
303700
465206
495470
339041
405943
469970
486138
610213
498348
455225
467107
318794
330259
492305
460693
508880
288543
325390
405576
477367
298090
294329
341725
338327
318638
301107
330894
430429
446908
236167
217007
247008
203027
211453
251280
195880
227780
200017
217981
237432
225391
234456
245724
785017
800446
722888
738234
770799
834977
757723
850183
868794
815970
835133
804692
240642
284424
306014
341148
361452
349310
289348
277335
265721
269050
278790
317824
253999
247940
257523
306645
294930
274327
320823
246263
262556
297079
331522
347559
828902
861194
698927
330807
729181
685355
341327
826194
762389
665645
321706
778642
810152
338556
747403
859512
719313
659775
906055
675603
436199
332764
348008
788856
328664
892968
1070215
1054855
1022379
379104
383355
359692
375708
1039478
367191
962929
363752
1087891
372586
168021
771114
767268
686771
779564
168763
160110
300842
685474
777010
793191
652914
297313
681017
433724
789356
469404
318233
321378
337894
341922
353975
458542
906719
370494
466725
398275
438525
879193
766590
859322
694761
674992
650882
898956
763369
798650
699514
862892
334883
870829
193794
887203
332027
451125
422859
431477
464159
363741
308135
380155
384453
788290
997773
952117
448140
456274
368868
388765
349182
360563
405370
968863
312155
317008
1097002
428767
445133
1113035
1033516
1049338
377577
512253
985758
1065402
328632
398461
275712
271895
508764
233535
360883
376943
241882
206025
382094
182181
506426
174146
497482
250357
198860
246235
1026014
258608
190553
374348
502551
122974
219428
370774
387120
127368
227962
385476
154600
166612
174664
16388
440738
1102990
96171
1197380
437611
446017
689405
1086469
458971
1075151
687509
711327
430722
407774
34969
415601
94604
44055
27533
451623
375886
411849
52095
60347
421574
89114
425251
78037
700699
81948
430545
390534
393682
439250
220012
131665
228529
166168
236184
249130
149163
101372
253284
206002
165635
117338
245199
81224
225898
158280
93446
126345
242212
194987
71053
142627
218891
187083
234934
62890
119668
99898
163562
204190
213286
28904
129100
157500
141720
149188
198061
137950
161813
18160
177827
174225
187030
58488
94973
71121
106829
46744
42849
83032
35694
587716
63728
91185
23139
27822
119177
155256
210106
75804
136085
87806
100449
128140
52472
148540
112245
40185
308913
80239
15919
86361
73919
62813
46495
19377
282920
147412
107167
43335
67271
92874
31900
23201
99962
79527
36527
18950
25076
98615
150548
114690
127516
56616
68468
108756
172032
44380
76258
20374
185045
192839
33335
89309
141519
91897
175987
188001
48067
115806
68572
164835
140416
153099
195687
53239
72930
89181
113798
95842
85320
65950
77895
145993
102452
61208
130080
158098
170784
105604
202283
135005
124143
188642
57916
87215
42271
13127
874630
885847
892389
830072
760578
1174324
710737
754288
39187
914591
901674
59212
773003
47851
839721
872160
923495
121012
117696
36345
860696
52962
80434
88741
97076
104263
849060
824688
77385
932824
837437
25819
845088
829585
784008
865850
853398
68695
22132
858867
156093
91727
126483
66533
52961
143081
192480
60203
99097
172601
36680
229249
245340
116334
32681
184975
44898
85791
97643
17787
7469
5046
5391
7317
60366
16025
32222
49638
57762
13262
25418
92345
29869
113263
137811
77520
178538
42399
154475
46791
70058
163046
146701
40295
56424
87995
75890
188326
24486
120255
11662
111436
6082
5249
5718
55551
107870
40055
95852
25342
17673
85388
49748
73719
34651
88036
103111
23602
38958
63560
140792
180600
101596
125066
37417
213932
122207
202056
165846
74048
49855
150638
78032
134526
174753
190985
58597
116157
105518
49405
33647
193399
82609
65646
304852
289508
90024
138797
42803
192544
223269
180325
616596
112840
281842
85213
165274
105478
174265
138576
155130
163587
55075
271709
71818
247738
124318
208864
76744
44300
60065
117815
135206
70959
43481
39004
87317
108245
201385
13133
286538
380788
56897
246454
323269
75732
56276
39472
279990
342731
264552
31947
48919
372574
72092
105276
449568
15917
114065
62273
96408
178852
78000
47357
31170
15402
271498
162268
229465
326792
341997
307175
146465
246893
294908
190822
27871
43701
59512
263561
164248
462314
136611
140249
124664
92907
280404
179713
76661
6512
416936
206219
189179
149149
66013
104899
174133
82672
34674
51006
127220
111168
159617
26771
42814
58869
315583
32200
63313
79806
192515
100613
48706
244951
172412
144478
76792
20870
12796
6380
20308
240108
205088
64259
69139
20056
88808
44360
224473
95783
73386
57151
117502
81185
85057
17211
15421
11436
21431
26522
289229
65182
81142
240961
41780
257525
73198
22178
49747
85392
161902
106008
38408
93889
194638
98181
58693
54688
226603
154904
178737
207148
46927
26945
63321
19228
91755
71086
78701
275738
32454
7657
6734
6511
40092
37087
68564
53584
10024
86079
58347
101575
26812
23139
6760
5589
4928
132351
68828
85171
37776
61057
46358
101567
82324
166117
50536
210478
77788
17746
54695
117946
22851
30884
151391
183485
34876
14610
67311
12856
10272
14784
4600
5229
234384
47097
218553
50845
283452
171952
155702
80150
124520
36767
187684
252742
268192
32369
141010
60466
39544
12627
28747
87019
44591
17480
64629
76932
92897
56856
21597
109970
26055
69590
205658
4654
5269
78755
63503
39980
104776
56629
33512
93044
88760
29172
49404
74173
70321
38519
86952
23586
20361
64632
77426
114060
119910
47882
31694
106688
62383
9947
5566
22599
74753
71164
42491
34705
67338
27400
11737
39970
51646
88287
58179
19242
56779
14897
10445
6567
130988
147073
15172
179009
74892
85072
67526
99831
27967
43954
59818
115534
55641
23399
84255
11912
20017
71601
36265
52032
79744
32353
39615
64205
48452
164726
97023
7725
11549
8938
80018
27881
64144
44349
15481
48497
32553
84495
12577
68949
88385
20026
52627
92585
60251
37257
109020
76961
11571
9314
150986
167920
88591
68156
52456
36075
137511
106797
80086
123207
62964
51454
24470
48602
17065
99774
21093
33732
69525
10275
37603
6318
9801
4750
41493
73161
81571
49706
65682
57841
71122
37818
34923
18495
26821
23653
88599
56835
17405
9210
87647
71306
40020
55140
80034
19995
52685
36324
68438
100481
24385
8686
8447
21271
53525
70461
38129
86060
127471
143396
109658
182710
30818
63965
15447
188531
160549
96975
81588
50073
94505
78625
378777
151128
295640
264103
216498
477086
428692
201249
412495
317461
333076
77230
17351
366828
350634
67135
186845
398624
42949
139877
235581
171506
463291
56386
448564
92710
101792
254167
282821
86242
27040
38577
503135
51323
36043
135118
82968
123358
70771
37028
14385
46549
82628
56077
26904
70187
37115
28601
22410
94752
41313
55812
202567
85357
192090
65743
13224
70823
12990
89221
93328
69727
282420
54217
38309
98766
86591
10445
26444
74526
58486
42973
23091
9085
7213
4760
4383
76762
183457
311783
202546
218116
25386
444472
253562
14022
293619
137586
65912
154248
326309
350854
50921
63339
363237
339139
35178
123589
37966
135898
167637
88312
72812
463929
240799
305579
416743
432253
56727
173022
38987
20670
25592
113357
61011
153951
185146
33153
380247
408689
51963
68505
36698
94687
29057
19335
85437
172913
56945
93484
56645
76820
189501
13481
39622
39463
89104
25500
201255
73161
108910
13590
8339
4502
5832
7004
39065
21323
55369
27166
44158
61375
177355
202307
114384
66572
50191
160208
130833
18037
147076
35780
8435
11921
7733
11510
38816
157036
111541
45587
49649
13488
64957
97552
62516
54245
81937
27604
39504
91781
109715
74667
24755
21512
129019
193816
30882
61128
178038
74164
146218
89932
31617
8564
8981
9761
4383
69555
105965
53382
17371
10258
80159
74616
42722
50005
26756
34093
6928
122542
99102
62627
47445
159496
43879
51733
67045
131556
87809
19646
115714
15100
28238
96691
84954
82360
190390
57782
42449
110484
26244
94335
34855
39318
61811
152030
80935
17127
9235
145027
13649
8015
6614
34373
41942
21955
82796
75152
54285
71226
31102
14884
62632
47404
67083
19868
87497
91842
60461
39621
51696
12431
80561
29464
6408
7153
5516
6457
6401
6618
6749
4784
61015
78988
37100
101521
49319
105003
29431
45706
69631
65880
34445
54564
79361
77275
57272
153415
39704
55715
20075
52406
24295
73521
45700
97201
61940
85044
153618
81893
138692
7920
58094
34180
46806
24511
21782
38542
34585
46525
87195
81186
67045
78938
91092
63090
55465
14469
60353
80715
42336
30353
22079
93771
174627
158426
126543
143262
103520
10696
31755
63331
56050
20019
84242
72461
45132
67535
44115
80239
37161
16904
113826
28205
95314
80070
65374
106096
15297
6357
47244
36764
97395
17748
88953
80213
41557
57513
73254
29337
21760
62265
46666
26474
78196
20051
18502
167894
136480
152913
77627
60946
22508
46564
53855
115202
151138
30503
117725
39536
94242
167482
91510
84175
136084
71724
87214
16434
9682
6239
8210
77127
133697
74125
103552
200862
152273
168880
12846
56961
37769
73656
121636
61499
36227
25629
46153
93780
215086
7496
7254
7070
82132
70954
26719
43003
74314
67300
56872
10587
23050
167483
101388
115342
35513
151139
127503
40396
56415
52381
21268
9198
5218
74204
102889
92514
327893
220295
376630
41323
12234
64856
76797
249268
74513
22989
90902
27136
36520
48610
33536
48642
315608
12031
236735
289052
73039
105549
88688
200925
153506
9970
138276
170386
22860
123387
52479
303947
68634
188884
352041
34900
368378
270435
63526
79806
15360
68057
44205
28813
12780
84859
98278
89914
49251
54190
104056
8786
106888
7136
76222
91408
39544
50022
25959
48976
93291
81212
170197
39142
131384
79205
119398
46916
26912
53063
43362
63558
32346
68612
77243
72425
157240
37262
24713
104655
19802
91868
16326
62440
13178
6744
5935
117102
101148
53746
70078
9586
22385
41606
58372
90634
74495
87818
39140
27949
75605
71928
52294
19957
87636
53863
38179
102084
6620
280257
216983
265505
249825
142660
94334
62667
47089
194527
111516
31147
15756
171905
79617
188883
236313
92772
208896
129361
25340
86143
282392
118538
54858
219102
39557
234983
187883
23509
135054
152117
172565
251670
71990
104356
268080
204767
9009
5983
78958
45561
24969
73447
169574
116935
121308
90083
101516
114349
186472
41565
29816
34576
50131
65723
153991
58687
138136
78714
61815
5896
7452
4994
8166
4628
334154
349800
302013
237934
286336
269967
254815
14657
318823
42503
25362
63567
55581
24265
31817
48350
40492
82358
109249
13387
8967
10536
239698
284556
256688
292893
272253
63616
32821
49245
18721
226839
115849
12983
152160
183267
100326
264513
309642
217499
249528
198189
234810
170236
94420
30602
15088
70999
38651
111160
177140
23989
79933
143541
92755
141277
193109
126056
129521
58059
162609
65845
50001
90530
286818
7376
5401
58427
10237
106974
66601
18557
27454
43387
34663
50978
92330
76461
9845
4657
4453
4213
94260
177953
210319
292018
260904
164761
48648
64725
44458
77338
80895
277103
245588
61577
114046
97529
150142
229948
133955
33934
94900
199996
21317
86837
446582
186904
475776
171907
68065
24542
48300
72227
156085
108901
56260
13631
466031
61719
33362
125690
45749
142438
139575
116168
204350
6545
231064
88618
43134
26344
502366
5053
53240
37304
68524
21723
137735
161879
188286
114307
219316
27219
87279
107535
175326
151885
59376
179817
76030
127932
11369
43835
7269
5283
5519
4742
44730
132348
165382
12838
145053
113383
62168
30103
58586
129711
178266
10749
78035
118410
151361
35588
182842
19122
84237
67977
52086
164135
197124
29610
45074
103809
8089
8264
5389
4530
3950
184535
169580
153562
137364
49658
209816
37953
17943
14069
63374
22013
30558
58447
46761
26268
41721
83070
649501
618033
17856
682364
570737
699137
117684
415116
554887
587107
635639
47239
103475
63998
140151
76231
747473
715896
605537
669834
11139
88692
77493
57931
26407
14806
41850
813957
98412
74262
30829
10706
47724
64891
7389
75477
100014
186223
60593
12260
108849
172239
16514
92860
140480
125383
137335
156625
78336
210768
30504
46054
187198
81648
67107
51759
171361
56625
190665
142462
74809
43429
34941
96484
71812
184937
43380
15727
27583
184692
48732
99801
64646
16783
37110
88046
68452
7381
5793
252374
299694
193278
81494
152794
269335
170008
138547
204507
124031
80686
240407
49522
34466
230250
83205
112096
99979
70138
16560
13940
5100
54478
150838
30879
166185
22542
87046
93864
118076
64313
71016
48417
137631
41567
134410
119360
156724
173657
26168
16858
210256
153723
122049
186895
78735
14948
19361
139433
31861
172404
84298
62871
68653
94684
104578
48508
37061
53585
14079
21379
50079
478986
450410
322738
67352
355066
43896
32025
15015
120198
56726
136673
437703
65230
77179
81860
185932
43806
172125
423847
155859
392432
344292
376973
16233
413207
473006
92967
113542
47586
31677
8579
110548
73011
61600
6979
44252
91679
61387
393335
13361
188751
273441
241262
209695
414114
173563
345782
257720
42467
26648
77869
30759
110763
226421
74146
58194
314145
330202
362026
290910
378797
35128
16465
32770
45125
65445
86508
50024
94807
99867
58961
71106
118671
134434
91234
72027
54519
167072
22688
151338
183442
161485
209713
145562
35919
181567
197710
11713
9328
75956
17404
51917
65234
40917
94761
57689
38128
26057
15242
5682
5522
5460
295979
319623
28650
80529
76926
64677
17627
96956
33379
50102
13640
45764
191752
5569
5760
228711
278725
96687
49096
32330
321553
44757
368675
149390
128986
181171
29108
217182
133276
161411
293260
25628
261580
177666
77943
245700
57747
82161
109651
93561
65944
350633
115535
273757
74602
166104
258633
62231
90099
198359
390710
210371
42314
339179
194705
147098
224641
36080
43741
12454
28508
80769
144893
177150
128485
162507
66459
58426
33938
18739
78939
74015
94574
54998
63902
23574
27829
10695
91725
51969
44214
72280
116800
89024
337429
5007
4590
17222
58468
66515
82983
15300
42840
31581
27328
10906
63434
51397
35727
47870
100108
79737
95181
7205
6739
6014
5436
4920
26838
78751
31018
172058
16629
12801
48643
44762
140718
65504
156628
189082
52962
204394
125881
22153
62901
71188
39089
11365
203940
86230
30657
22466
58884
42647
91125
39063
191486
48189
83408
126437
112167
96432
27757
56173
72653
104670
76439
176306
65064
16658
5938
4984
4698
16336
104859
145524
61785
161041
193988
173855
78076
37706
70886
26720
47239
130782
11248
90768
35472
255044
115736
24252
98728
16379
44176
240338
32731
6044
7749
7060
4976
86574
79165
60316
29330
45498
13592
5206
5691
149402
140643
172085
117732
165419
136956
125538
250304
274539
159723
111071
220231
188600
172328
92969
77017
49199
137425
29769
62593
14281
34288
42473
26684
54873
74829
38792
100059
19760
48770
85204
213019
129343
69588
161783
61183
115240
74855
95038
27555
113455
25184
20216
7737
20318
8880
51754
92244
22591
70902
39017
67380
51003
35338
59733
20441
108654
8586
101453
29041
45003
12758
7348
16468
6442
6405
5179
73463
41272
17774
49402
57638
26578
166365
118906
32804
66537
135025
82931
86535
151538
6302
21640
154679
120543
136562
65621
38509
30133
49033
86731
70521
54652
83038
91399
62919
22856
15173
95184
199730
106724
172005
115591
47826
148180
79645
35532
155865
122725
155120
139127
59374
171009
11272
90558
83941
36129
51476
27971
20252
76288
107800
116863
69430
45115
14719
7102
324481
36471
85140
20446
31312
47726
63726
16067
56411
79888
72462
246863
279643
263648
214852
151690
167654
183754
231413
296509
120801
54768
86161
71422
26634
43119
111940
106895
260369
32576
92521
276582
197716
105157
230014
54758
103192
27827
120435
185825
213518
170333
137769
250136
90313
209791
73611
82912
47492
146896
299369
155082
66853
10659
31223
12522
33410
49028
16706
32418
37384
65767
189537
54151
158164
22601
71221
12780
165294
149775
47932
29961
90002
61185
278324
57959
77742
34336
216269
233667
213976
65788
178573
94691
98148
162627
22656
190621
19130
203377
199793
107048
147463
135111
132061
119445
75904
248941
115475
17907
90190
74150
106280
58435
30583
10090
16205
22388
14671
28564
56388
40387
48501
52228
36462
88695
71370
25542
92732
16958
33798
65525
81852
21558
70166
98221
86294
20570
9552
8684
9131
40901
157000
88896
45779
53858
64861
145645
178569
62474
75900
101266
287554
55615
76258
84072
43779
48546
44223
21224
28562
57415
110028
105905
76786
118182
38138
43699
12073
55676
81785
35752
68723
25033
61157
53252
29327
77634
22288
15101
144702
211106
84481
97727
113686
18226
169034
36522
101667
85868
65761
137661
29812
22066
70155
61812
82046
89553
96977
177627
73930
18128
47575
22070
55026
90927
23145
94114
41832
107513
124714
136104
70905
172516
59999
188794
159086
85581
169718
102513
69871
81547
17814
34621
46088
150812
142854
179086
30966
115115
135188
65465
186486
58510
166422
22760
78817
131049
99918
183803
104077
51253
156144
92632
42656
140671
121561
104814
16754
18287
4605
35385
107546
20128
52503
68257
40119
85085
83899
124752
32686
16810
36363
20672
52854
49176
137062
97314
69126
67977
84380
31654
64426
15672
19538
12093
5877
6982
52441
100562
45320
30139
14008
66204
33789
61669
37896
18624
22777
94560
50699
78771
71187
6050
5449
190134
46891
30181
34569
50947
63415
87308
23448
67444
19517
41794
73712
161649
58325
82702
146850
99479
87151
20540
19634
5526
103610
159293
95691
228097
191862
175749
59673
112116
76320
44003
144782
16259
128893
100990
213003
28808
93076
277084
13294
521046
74251
56764
27451
43478
11860
6368
4540
48399
52640
17485
113465
168632
137148
37155
185454
33779
22433
65617
102624
190499
125715
82284
142254
157813
71067
154318
174358
7142
6096
90944
175055
191616
126855
75788
51033
159350
15918
143635
20352
95955
205360
36495
80551
172929
98077
124955
68673
28883
48865
85627
33382
45536
189358
65094
158053
141856
61101
24011
8502
58476
134896
10922
26482
118998
54965
42239
75247
70891
63479
15851
48260
104546
152279
97031
82084
34458
86804
28146
44300
8653
195683
66516
46554
30679
83576
10717
19725
35429
15615
28053
100706
44552
60781
76290
192728
92930
80352
108889
52525
64934
11343
176437
192073
240881
259807
227526
101474
64791
57545
74626
30007
42461
78780
34709
50168
278064
95500
47788
83310
167352
63263
215715
112104
27624
24558
89247
10628
103246
59790
9542
77780
26562
90469
42717
56859
32799
20255
73199
9589
10187
8999
7717
15450
42912
58715
175450
90652
78567
188187
35651
40086
16711
160509
168662
77156
52597
49033
105375
116882
185473
126759
141173
31113
236384
40332
21196
301460
80549
161056
269334
317763
145414
286291
252865
65303
14399
334342
94442
118414
351190
24877
19632
12262
80868
29459
61925
49977
46023
106075
13769
74368
17539
64581
94503
34176
10602
62379
30354
46388
78829
14838
82244
99184
4781
78421
285173
268924
122043
150452
155871
169755
237438
137602
254613
189992
271417
321107
125282
188608
68580
45381
252919
265385
233491
281127
25719
61348
57486
108676
89199
29105
73606
296543
137573
77429
85537
173813
185735
93936
222202
38576
202113
314339
99395
338291
354689
250107
106354
206547
231166
370805
307198
366793
238834
54479
129740
219000
123562
158926
151122
287398
170824
351710
183258
43651
271013
215605
335738
23814
155720
144015
14752
4884
94162
54135
95242
30788
136517
71570
80637
64928
48203
69484
106364
91078
187820
31863
156287
48275
28527
64565
117744
124962
222917
40363
56621
89251
173601
44981
206162
81977
14768
13422
58741
18832
97473
35254
67146
83797
52412
41431
89648
73228
78756
26015
58949
85311
33666
49174
36927
54359
21589
8673
26492
6536
10753
21277
73961
58120
42576
66784
51749
35832
163408
27691
20075
84251
102736
88377
43339
27599
59632
75819
34113
41597
22644
83333
39099
20766
87867
36570
56905
73585
30549
99434
62340
95335
47972
55300
71836
88991
17523
6181
117775
105420
93537
78184
62775
30869
47172
103425
70456
142738
187048
23057
175949
127055
240180
56390
87881
211935
40253
256779
288231
160275
216729
272955
8730
10780
116349
160706
148914
180430
200963
132886
106021
30337
67007
130836
47030
34997
179512
167191
51773
83560
15740
148319
63989
100723
116859
21020
5232
13001
4625
171356
176040
128280
144032
189086
68959
160371
124657
203901
113076
17413
89614
25509
49541
60779
97668
45939
74099
142808
14488
22191
158415
105740
38944
35413
55441
59351
83233
43844
96268
68166
80489
197057
19850
18427
12479
44363
15012
76127
8377
57225
40930
80983
90243
54064
38163
66657
63806
16434
48911
32974
28453
25152
89651
7444
6172
133562
9838
13800
26126
54989
107473
75270
44308
64131
176272
47878
79788
68383
52849
93000
88440
33164
21016
37361
8278
7943
248694
120931
73858
105660
53890
90577
182319
201060
82238
30728
67215
78866
94956
43975
159162
39288
47766
172279
221706
141426
14351
90244
74220
16250
38164
54728
29630
62137
14019
9763
9984
6223
6395
4679
4601
5591
56860
76720
37332
14301
10550
27034
23229
31197
51525
74147
46981
43816
35790
19914
56151
9626
67669
12494
12535
6167
4962
4031
86625
40727
72346
36079
44950
25079
20467
60313
12729
49089
76552
28936
65329
97740
12240
7751
5742
4530
4516
4684
68097
88673
36236
52394
40666
57356
150084
29870
45469
14053
114306
8426
153843
75001
25491
36064
105565
54875
23657
183265
135414
87921
31648
72656
14157
50872
100815
75828
27003
67798
83942
91588
60515
36644
44196
20199
12611
7922
6491
138719
162754
179153
38977
195970
147879
55453
19579
188199
200259
116219
173139
36847
133652
85665
89212
54128
101683
65680
33824
126664
17913
51588
84153
76057
28005
160557
72847
7922
15147
4465
41856
32225
79909
63800
52559
73505
100878
26619
78856
14899
45201
30606
23543
63816
95162
43922
10490
18761
8484
85361
40856
228566
244527
16347
276936
197320
53713
85179
212795
133233
309872
65191
21846
37853
26713
72597
118754
166012
262603
35032
70767
50915
60640
295785
83269
155691
103612
183835
15334
10593
9332
6425
5754
17442
125482
175930
92224
111525
51723
143727
76687
196660
60915
32479
42587
156200
11444
6249
15846
88830
110760
83399
79205
154668
23447
136723
87817
195466
28390
164247
181196
41355
33725
97615
37698
173768
54284
102000
58936
59034
66165
19301
190552
119355
51168
139869
23543
19982
7291
13195
6448
35975
32353
12074
73013
53344
60989
37799
89572
50956
67408
19156
111974
83898
79854
29781
34156
106309
10363
5479
14929
138327
154387
165855
182781
118138
62357
78458
40156
96631
17717
35333
52066
8401
62087
74911
41987
58597
25342
26231
21974
6240
28148
112333
48248
52514
17071
106584
145522
37656
33819
62473
178910
163295
75728
16070
131883
76887
176287
45994
196675
23991
72122
96526
6296
5508
124941
98295
158791
71177
88227
24987
56545
40767
143434
96727
14822
131925
159421
176350
127686
144458
116284
180001
192974
28535
152927
69149
137148
97026
23157
60813
58811
99756
175840
171861
51425
71864
120514
84363
109182
88618
29234
94548
58820
159080
12239
81525
110099
59017
43338
26374
81981
206104
69898
126845
153839
54606
66053
218438
18611
51010
98693
171181
187416
22804
39715
16361
80725
12311
37381
66139
46267
78090
94827
86106
54946
70791
14714
30923
22654
35429
19405
83202
98956
63381
52623
11766
7116
5551
4991
6263
235458
12163
59848
233081
58092
273294
41769
73636
34554
226827
50043
90693
38725
26163
23241
71420
258760
54838
7003
18925
10209
5855
9204
66210
33126
17472
81278
49513
65903
42092
26691
58851
38734
70216
54810
22575
11529
10740
3905
91586
51426
88527
22906
74374
58415
43016
38996
87522
29117
14166
147193
115263
180540
132987
165866
23501
59225
71758
108128
84345
47358
17623
37560
101597
54188
84449
106538
77862
31112
67417
47535
112247
13160
14188
123229
112466
137079
47632
36068
180548
59624
164411
106197
90598
209404
382887
535346
195557
160450
552613
321022
412738
305871
485044
352444
521042
100593
80944
53203
88505
77090
112798
25384
602340
274428
585792
338032
65981
290568
370163
470380
226712
258471
438976
243265
30794
570913
43401
503340
99410
423326
75707
23651
51239
63657
87831
455755
617933
36047
20135
12044
9270
21292
48592
64457
57451
86814
54674
87583
79378
76907
121335
138850
143090
27498
75768
95973
92241
46353
16616
124542
196829
132770
204835
108593
65355
134493
41267
81778
177662
37860
162282
8187
93975
177916
138962
118979
79882
71570
23517
32261
19903
40491
106168
56863
165065
147746
184636
128979
37772
49125
194248
18065
66545
87003
55003
91612
171256
71549
15183
22412
18168
11403
5660
42907
47362
63547
35399
71399
24484
16641
84973
61498
77714
10981
6562
4973
116764
153426
305449
69583
273494
49596
33794
38914
330204
30070
19231
66657
134712
242679
103553
59175
171071
99378
55769
21069
291403
75656
83941
88466
92069
217040
264686
11866
5691
77450
59385
81889
21148
45898
14227
53425
70263
29953
37980
6256
4956
162222
171190
123022
138755
34840
383349
155371
314658
372007
131861
16153
183888
20087
47903
200922
356539
108227
100764
148858
44473
68113
330242
84990
76768
29147
285377
301226
116705
230192
217019
253510
269691
398048
65257
81443
97775
33409
112901
151931
17728
186772
119225
39450
54991
35000
96738
87855
63267
51873
48189
71948
168217
96581
151211
32107
136231
80671
69233
77389
149187
46120
62126
30202
86942
19164
26633
14686
94964
13509
10510
5413
5881
3908
83397
31329
91863
63953
60621
28997
44666
49352
78061
18470
20523
4908
5893
5982
31408
63982
16587
38124
21815
53959
49658
12889
84972
244819
25359
298853
74705
195579
282991
59838
24356
268714
33571
217593
49472
41362
221546
66121
97399
57843
181585
150149
266156
18287
117906
253931
237237
82202
14939
74161
46424
9856
235118
167097
134692
90379
11322
7059
7583
74691
199144
54624
22430
39240
71741
87621
112348
12329
160519
28623
60697
128727
37309
101688
98202
82822
45639
21720
77779
145690
70547
54424
8858
7893
414290
445771
29659
463056
55366
67262
14813
34617
62902
43059
79074
27858
431083
75893
92903
19091
51833
479330
492754
4844
5111
5024
82259
213093
364583
452265
357333
92396
125375
288666
349314
57324
61431
517633
65792
241684
41611
46137
405876
342208
418378
437912
306412
73977
330501
381950
470584
317990
374303
230781
502160
50918
258968
274718
486871
90979
391871
83976
80235
113390
92725
45088
81260
109355
39120
111249
77264
95117
207569
25399
29407
57880
14281
62086
17455
74489
7485
111139
26505
59077
46304
83281
79164
62962
86430
38967
67076
54706
70673
95089
99756
23534
31947
43201
15464
480104
51655
140273
91668
391064
220349
171957
155480
447704
124070
416014
77182
105418
36917
389459
21544
193663
433785
466379
10602
8336
6940
608778
62002
45977
70717
78894
42529
26903
31432
75445
59322
11774
14924
55873
39455
24173
4706
13644
5752
41568
21439
27479
67697
52493
56521
12398
77114
85865
482694
466734
367181
95246
407074
577381
173935
69916
190370
42557
47194
94931
519057
158915
27307
39555
88035
339254
392660
556043
24440
504881
144138
129248
112470
56590
217009
577031
465178
541712
557524
89190
449213
390558
47090
102993
109427
92452
132385
125167
108731
170090
173097
140679
136728
160034
178216
145217
18443
72743
130018
134361
127152
24515
256315
28861
21291
16355
32946
32660
41010
47872
32392
17089
85060
25029
217421
322373
53932
221871
257531
24555
46937
19619
86321
36161
12500
180112
111921
44976
100165
64853
105915
11307
110323
30129
99223
71002
14799
95848
83962
59825
35885
51843
20858
41623
14037
78406
62220
58331
27636
11225
95404
85262
53126
8692
49671
33698
94415
8300
6732
6999
22207
86251
57927
42661
37279
102315
34404
30966
74936
71244
14444
19331
82760
63653
101132
9384
4826
13761
77530
61514
90124
32910
109861
46398
142795
97656
166649
26029
37619
86541
54242
70831
22551
126400
5183
77402
144927
92900
114082
177855
68905
16885
85009
156395
172735
92493
164611
29339
21920
33574
13708
61745
37688
45444
42505
49875
65899
100125
142882
7523
60576
76451
56266
28066
80662
133612
9433
55333
83512
108296
40679
72929
97226
25367
20840
17368
89716
79794
68900
33552
49246
53067
37805
94091
66204
10566
8417
92756
37010
68387
21268
84756
54300
88078
105075
13235
276007
261206
161397
45881
182443
150318
215115
79229
62513
231016
135028
31239
247524
120119
168858
5786
5917
28186
43908
12799
61373
182617
291054
135004
199260
167432
151769
102579
128239
224217
192175
176434
73359
90180
26066
146717
209702
59286
43993
166807
142914
206232
175956
428576
193461
160758
334069
350311
301255
189838
365650
65776
129970
78807
142791
398467
98989
238602
318924
383505
207476
254997
223356
479580
286916
175416
271916
87643
127567
158873
415174
176177
132579
109630
125742
149611
158337
186320
57906
110015
89889
126392
150237
142578
30836
42896
18725
195219
158376
94753
46900
82863
175584
67320
202197
23272
71228
55386
108267
135671
120337
90308
154717
167386
263679
105697
181549
56051
44829
81228
90387
21041
416872
688979
433077
711185
465775
33686
609422
673947
593170
577809
449406
657569
625770
562007
642371
498046
482296
546432
530598
70848
516566
91138
344879
184983
205490
233183
200327
417949
449432
433541
466195
173446
497615
481749
334045
310442
346086
160312
43937
76298
91928
60611
29465
325554
145348
137290
13406
205112
133753
178203
90663
299466
170764
195179
175508
223218
59595
235527
42990
159800
112055
271601
210509
124830
108405
76111
144589
28466
156494
119745
284808
188622
261069
192779
249074
119672
183213
91639
152886
199121
496784
248605
137048
280653
336843
520571
169372
944989
313498
299428
83604
224835
136582
56303
68859
52524
40869
73157
20638
24476
201138
269063
105526
352872
101276
216672
168973
364740
184867
37687
329079
121961
153230
89722
7889
122623
154651
72430
56708
25184
8929
143662
175493
19923
52413
92871
85346
45679
113056
69461
37958
8577
4664
5276
4713
161194
41847
33648
53568
9729
17815
113690
177300
194361
129276
50398
70032
146569
25763
6169
5642
23574
8066
56737
98071
82717
50846
35180
18886
42733
67043
6556
4483
35658
84183
95474
71893
24912
48368
60671
95856
457572
373865
641687
441798
425815
342443
326897
493976
591108
540706
574727
558654
144443
192982
216664
156716
44267
408039
160351
140993
193420
60886
180417
312288
93044
511312
481298
137177
613047
290058
629196
230050
125477
677144
149933
77769
110354
133476
130397
174256
117600
694482
187018
663023
395649
72046
88365
268038
255931
279837
711348
364879
124096
173223
105136
532754
57252
7405
87984
190255
166541
182340
206726
150892
158833
199731
175398
143889
128663
136542
133385
569556
549183
417727
533872
337914
106081
602201
517588
586642
212238
124250
140662
17572
221430
157067
129141
32747
96173
185663
82137
114313
102024
218348
70246
174101
226108
145693
54265
66538
134633
150998
170849
86991
23285
163246
204459
210916
50478
182530
122837
154855
118773
40159
180053
192934
168950
10001
7232
8073
12336
188755
125070
46790
142578
174760
159010
37403
98270
62737
86833
114792
698414
16263
567872
76547
464573
520037
476416
96852
544343
636985
60855
73094
488125
556764
580507
668533
37061
684670
85481
48639
652526
18094
605899
534058
593989
454511
28821
96405
20803
36419
84525
69187
53002
92172
9175
87692
160407
177943
113630
385994
146123
371775
43279
340070
12082
75227
131545
324051
404293
356437
61143
306275
29626
22154
86153
53776
37585
102424
69862
14924
16003
144963
177356
127688
92902
291164
227068
259480
195395
210924
275473
86916
46612
315059
122683
62678
171179
250366
30790
140880
172470
124644
110173
85248
73965
41838
26603
158135
55184
114925
62770
11943
7142
302779
230186
67066
42363
215729
103933
143597
183532
47524
123165
288262
78676
112282
172174
36256
132521
72328
60354
160722
86669
251222
34887
266842
55596
14430
72661
13168
45437
97589
53760
28360
113650
89549
17174
125190
105540
36652
93031
54076
81757
193761
218302
72889
153336
182149
46907
50910
171130
123038
71486
96643
143405
37182
77154
91070
67328
75181
107173
27305
11378
112278
111598
19707
42893
59458
55714
195759
103866
83293
35877
51273
96207
140350
87977
32478
64044
16346
132256
176736
154180
72800
48355
24818
209359
184802
512786
492184
481296
525410
440595
540017
475906
1400860
565629
577884
465841
556011
603803
340259
362483
304166
112597
108838
291982
105078
458063
101224
422304
98041
402828
317357
378474
91310
391235
347227
139212
112078
150722
35349
171045
47453
155556
184222
164044
27428
95888
104714
176964
148263
168970
161490
141319
89435
73703
93377
54002
61882
190441
195972
110175
138415
42402
181911
134721
66788
124861
114996
17935
126197
50841
995477
59024
39131
96293
632425
1172847
36007
1075752
217079
801026
1110140
121134
25314
28795
73164
89355
225383
165581
981381
196756
141125
1132957
77261
153715
1093943
117888
1062087
65442
86022
102127
174101
50610
6018
5772
144876
192630
109216
181396
169653
158569
203288
53215
45969
77947
22023
14526
62930
30748
38826
73017
12320
6365
4544
1005462
1018391
1139046
1203972
1221203
1341498
1110744
1053983
84691
53389
104394
228825
1161375
1357117
185736
89587
70120
1130190
138394
66302
1082015
26143
122142
154224
1094905
170904
38212
1043748
44431
31637
20148
77651
52041
245023
1336990
9300
27870
63992
99070
79624
47870
12295
76044
44783
108351
60103
30602
16887
267951
356156
292439
388780
121114
92325
169344
57934
12628
62145
78551
218934
254599
374362
1439179
154896
43706
243423
47984
75454
192676
29916
38080
318628
267929
352002
335384
213624
148375
25512
20243
16858
136405
73364
53423
32796
241528
49514
185624
41015
105053
201941
225618
273672
17548
288962
126540
258517
45662
91549
299561
31304
171252
26790
155853
83633
72862
17006
11344
8799
4300
7422
294928
214957
427154
17643
84039
68610
264064
48668
279936
177393
248705
233793
31377
45341
289529
8871
76777
178410
30577
162676
46293
143329
200830
217979
101595
70383
118419
99463
111249
32073
80279
64104
96936
128596
52905
69196
37267
85080
50779
23210
26179
26655
58920
42945
10845
39309
85792
110964
75925
55749
35367
51465
67765
72113
24672
21011
96800
81822
8037
5469
9166
60189
25070
408446
268898
69595
53827
17946
49508
86420
340566
30395
34669
286715
66131
57887
198943
94251
302207
379062
470752
223255
395099
155126
188474
103752
360163
140251
36378
76272
91007
172002
124601
239667
320754
428004
444603
49438
25507
256957
15561
110086
94692
38424
26626
83277
58710
55060
75100
91848
19076
99276
63187
67920
87969
80149
15699
34936
32052
71989
52430
43861
176601
48147
22589
15829
21761
17266
5649
6256
67886
32282
15707
78820
85416
23899
307199
52911
41929
6436
5389
4819
131777
44367
157130
28414
68767
62815
131244
14545
18493
35675
67534
83058
123797
52109
108130
9344
21035
28491
184706
197379
169373
4899
141117
137748
214055
126058
97902
157671
189949
154009
34147
66142
14594
174482
125584
52946
57210
90277
22308
74007
41992
6388
175782
159925
118864
144320
62196
50133
28890
217725
125781
102578
122325
206916
42630
47157
114258
61977
75351
240078
228113
89943
188807
272998
165144
115790
151140
68148
207798
119690
79536
148214
360097
248584
168022
20395
192800
36180
284335
129407
179518
319341
195537
72748
120642
156038
66052
129295
39114
226226
166933
234631
283176
179980
87323
262628
247983
136179
71876
148344
36495
56086
100906
184395
156036
85188
164261
52749
116410
196597
212033
208611
120897
108818
201877
13935
70283
46463
38367
54790
122956
22742
31548
83776
186889
100554
203476
15319
139890
80010
171383
155441
63888
125748
198029
111058
54661
39350
100072
88145
84068
152578
160992
25034
109669
53906
21465
121042
176395
70075
74376
137784
419075
170171
146241
39358
15736
9975
4921
4966
129441
203761
133742
165398
114362
69972
182246
194576
118814
179374
103264
163074
55599
150938
87397
43841
201555
541785
37873
53458
149696
102093
70628
87603
30862
83425
78275
142444
62629
38168
30698
154294
15062
87456
174715
158602
55316
103787
35037
19875
110294
89428
110429
30696
135165
76191
12406
108741
144192
106143
82161
62390
57986
6935
38907
134725
182568
70528
79206
55181
167849
100283
200060
114568
152477
120859
109334
89756
194779
170104
210731
59079
102942
178696
154357
151318
71162
182689
87356
90951
119776
127652
221433
167607
75450
164193
116607
27698
64107
23730
96574
40378
148413
109290
112852
125735
203607
49015
189568
54012
69634
81435
85254
57495
46377
102608
131400
76284
73297
30576
107381
43291
60729
42823
29257
61369
76657
56507
71867
119617
35763
15923
13981
55443
151707
79181
171645
31068
64195
83663
140292
88111
127221
79630
76020
204092
55721
44318
40778
51722
28577
49035
104945
32969
97333
73117
101776
12812
24665
28379
72682
84242
46807
79461
92611
54918
71894
24542
11864
31617
21337
65436
95393
15686
160092
93298
121844
142060
80923
62769
135063
170321
179317
150966
187545
47630
195018
203384
52191
112630
36171
80771
100418
69567
115639
57227
73301
126912
42053
89967
110623
7394
7247
6874
7322
180384
167873
152390
120670
136858
40135
28235
79988
12076
37004
51528
65332
68397
20826
49603
16877
85753
25334
34024
45973
8510
7388
61548
73172
105064
17735
65853
38547
35336
59391
79544
95651
27690
99464
72745
31761
84823
52170
47252
17007
21944
45694
94027
58118
98685
10889
21719
25120
56840
73303
9765
41682
17895
37323
81786
66076
50039
97165
90612
104251
23087
5384
98859
151460
118647
64966
184255
9601
41420
133733
106404
53573
20302
18842
86888
70821
50282
58236
36822
27228
170658
35585
88198
12259
16648
11079
12298
52610
37009
70191
98462
59907
75710
28772
25469
46292
90844
9187
104999
23082
166635
52175
20976
65562
37188
41736
10572
59610
27769
76142
4440
6051
20839
76504
28479
40396
96024
65453
17598
52998
577157
428943
165350
512969
545730
414055
530389
153966
177905
142442
91127
562605
563459
583597
579200
548070
468086
451913
128435
120151
168453
436960
180855
144491
500409
484927
157697
421700
96199
84936
445332
357153
17345
62249
430144
26080
390710
50120
395508
38253
111052
74780
380968
464495
13967
77454
43404
11248
27987
259790
284288
60290
271715
332067
296686
5094
19718
55553
39304
23650
31805
36646
63910
304853
92999
80657
517080
356852
497607
321717
141791
281142
529325
333546
193476
245747
106058
257759
157610
545950
69670
234379
125743
346520
171843
446494
226347
293964
481685
206510
78804
54243
30617
471138
46443
62348
458988
270558
51214
91199
84380
81556
22340
46486
58550
34879
78155
10962
440788
301257
337234
565940
510007
289978
717688
265796
466283
554148
404558
626791
578938
455331
322819
702929
95003
491868
280041
431345
591665
87217
80199
750018
687463
392574
802576
112304
356586
768177
376318
783314
736191
480437
57176
605227
116171
139946
123874
132662
370112
358359
218044
186597
305939
334955
300314
293087
72414
69307
325097
109256
228917
56895
21718
45169
349368
253102
285606
278022
157401
142464
208190
174496
120689
124046
166484
245670
33633
86226
203145
94546
218857
50757
746396
155082
179189
115827
240372
139653
84610
28847
40285
120461
693820
704098
77933
186612
66025
126749
197934
134307
658937
642532
302431
294727
491893
150466
175205
163031
626755
158616
803075
19219
51003
114833
832338
678480
818729
13808
119498
108227
132205
185174
139016
169731
195384
31169
47513
76061
16012
12007
28684
64420
60440
80580
44811
93442
155300
5164
238287
286096
157914
469913
462655
493799
486744
298849
63220
130483
147309
267105
431118
75425
263318
96306
100749
276546
408948
164385
436995
215358
192985
454116
210495
83957
96546
424922
489017
53641
184727
388491
117151
113374
233420
453237
405186
13362
53462
75927
130175
42142
126460
90521
118225
138460
25960
38423
58317
170665
22391
110398
70987
166811
707136
144561
88028
294218
244531
188469
228702
124717
139330
119077
619260
727549
279569
919552
187964
152599
752342
781829
407075
776594
741354
765463
113642
80841
91786
161250
45024
53150
194269
34606
114503
66746
150680
173839
110158
50646
182655
78390
199092
98687
86703
147125
135039
167680
102490
107751
63819
38650
43397
71978
120718
14962
132997
60902
33324
8481
7313
35474
31981
39717
76409
44806
24900
29190
105059
48862
125064
73603
189703
17909
109238
81026
66079
70134
93617
22016
61794
53756
85619
90574
58388
17176
6269
5175
47587
16499
65271
32822
40764
21870
53818
27043
103008
39862
86926
75670
71293
59681
17379
10324
7815
5410
5308
162571
110691
90688
55652
179180
130855
195890
147582
68225
100873
36326
16143
24071
76077
40591
368630
33123
21681
85573
61704
55057
79583
52162
107974
24322
32428
68667
100049
16440
84725
144572
40923
165328
197804
46357
30014
78086
65887
50208
13671
130241
114630
94419
181918
101005
15567
8413
6354
5999
28449
16950
25229
41371
34062
65584
57912
81593
61471
50356
94965
74074
10284
47775
18370
6703
6614
6051
6242
91566
106408
200522
303934
219683
48041
236501
254998
272470
60528
124558
16458
45085
65330
81062
188597
173405
21818
42302
58061
73828
289986
158513
142668
15257
85319
11498
8079
4639
5489
40574
25314
60856
34253
46690
18015
101350
66826
50575
30682
11349
82444
71067
14937
6969
8673
7384
5030
46130
267221
285405
254302
210305
34361
18639
201352
117408
45084
245814
53947
134102
69229
64270
86853
150774
171024
103213
91418
187992
41787
34411
22718
27246
24452
122054
51400
47313
139492
59579
109588
16178
20989
38118
187114
67870
35037
99266
153742
11768
17010
66531
83014
35938
51651
191281
102902
124714
16958
189255
140860
157156
178243
91745
163672
188174
127828
120794
244586
66645
104686
87607
159795
99745
175085
55200
52229
79646
216365
284132
40686
232939
36177
116382
152450
24479
144739
73639
94116
150694
34625
84204
67818
52894
18537
292373
109211
173081
85168
37520
69653
276518
139010
211143
19679
31966
40134
56250
12616
16689
72400
60457
107141
88413
25861
65698
45906
49503
70104
82045
30249
277101
37667
21316
93632
98373
102790
78169
86855
55158
7895
17111
83803
34558
67951
52443
20898
96882
64840
81393
49556
17693
34405
8702
6509
99412
203263
171046
186914
123531
155851
140399
81436
158389
173980
110006
50551
34139
127183
19178
67337
143141
392781
248664
126006
329837
174482
42596
58667
27366
315137
347633
191453
111495
220192
284026
380571
300673
268319
543961
143727
234579
160452
92730
364425
76607
16257
22848
14175
382139
174273
159077
127201
143160
191928
27893
44873
97072
205049
60206
25214
41267
73469
57500
13014
78240
7438
97975
86268
27947
25818
44394
62777
39174
20232
339542
24373
228591
276399
449025
56847
245878
465837
309941
358407
118113
406704
480715
294767
326663
435536
48532
220470
265278
393267
377506
181180
57806
17626
193882
65771
9392
98285
83583
74524
42010
599102
519110
567390
551543
296423
235496
167845
91949
535979
67474
163422
79896
198604
219668
247558
19898
108766
185333
137051
141908
146334
182000
173780
195693
95118
114845
32376
127840
161328
384251
112228
156568
288676
48330
17432
124971
132578
545433
317793
498013
577912
529448
68977
594147
300732
465997
353843
418564
334934
82895
163055
450843
562937
482784
366562
175124
138999
435157
515016
155813
15113
5061
190569
126331
206592
110896
159546
143420
200256
36835
85286
99235
52797
121534
29611
152928
165609
21232
70126
90081
61449
185879
46057
77975
138391
178050
17697
7000
6845
7880
66177
34761
51264
162874
26939
75566
19665
47551
115693
79966
132379
148077
172832
44504
207400
65638
886762
158955
227638
307155
290988
143616
106492
243193
259635
19598
276182
64353
36185
195823
19479
12241
20214
8082
60334
13337
45409
75268
30376
224864
173705
97073
145318
161734
198418
66250
213770
5708
7206
15382
64202
155849
59766
92406
97927
134027
205070
130197
146028
102384
70781
23278
55487
51403
34820
26858
75823
43210
179712
115701
151699
48454
88464
79993
112193
92854
232278
32842
144836
165085
40668
129459
177951
197785
62085
125957
81376
49410
66371
46603
62780
58917
32491
98735
79226
18571
87332
31236
27123
43959
90668
21900
71942
56373
75358
16532
95165
6116
5805
34075
98280
18599
74931
39588
52339
32402
63087
48619
103986
28000
24940
44306
67128
89065
90449
84308
56450
117632
61253
73975
22572
19877
7797
6014
8215
23080
5647
4595
4843
4532
25119
57902
42439
24525
56296
41283
20908
37518
54041
7911
25064
19046
75463
6468
118065
78660
27280
75139
95102
55843
72141
44390
68001
104277
52460
64601
24506
40502
33089
36935
89070
98220
61198
85767
21659
49905
113841
18295
9653
7316
6165
45281
42279
57742
74405
62014
85099
33811
94213
41431
29796
18727
38581
103010
26482
75013
59521
14758
134062
83353
103616
55360
66513
71569
40164
80579
23882
87943
168135
13010
76043
60162
40715
67002
201278
22571
186524
222351
83079
55198
154785
131504
98091
140524
124955
61165
45279
93269
78095
30216
53937
166092
266424
174726
74308
38884
90543
42650
115483
25015
15222
37968
35085
56530
97236
20404
185718
42674
64860
26877
80727
85538
9775
12158
68221
92446
131339
171106
137712
177892
274289
34060
196074
190599
122690
74933
210923
226948
48597
104907
125424
97305
65363
116785
90114
46610
34755
62154
85956
27255
59663
267744
39960
55625
160102
99255
255436
35456
171291
20088
23395
10679
10753
54631
39573
23825
47218
31586
63548
88446
108897
74645
56781
41301
90227
74795
26742
20415
26882
71564
104333
41038
144867
57437
30268
37978
167678
135664
55742
103787
100514
87777
24596
116841
76341
83651
92380
29173
37727
45462
61951
77833
70084
54604
119187
103145
108186
17480
27251
83884
108176
64791
49287
40736
33288
25340
58290
92869
23364
16510
82551
90300
102503
15440
6212
39264
63304
43306
16215
92162
119108
35377
389636
58786
183754
39517
111257
136101
167213
100990
97436
229652
206384
82015
37454
105935
62914
141946
166515
86304
78984
122516
158430
111305
190845
47084
176005
96176
36129
36415
64492
28700
24229
69166
17131
33414
53512
78478
105772
45994
41132
94041
37572
77686
61456
57726
80877
73513
66605
51652
25347
6396
17443
39305
63480
74480
44040
95728
28699
53535
38477
23341
34884
51820
14740
62482
87729
69448
21658
74083
14210
11163
8766
8484
7566
103204
40873
44567
92908
137360
121131
29771
66131
54040
70306
49973
18496
14293
59073
64687
157182
77776
38071
29498
42690
91420
16031
28079
72058
68610
22028
25593
66220
105779
90506
110646
18475
32097
58903
30923
102919
99174
82940
54063
88229
52230
18453
21782
39138
99163
42932
68204
51829
55252
32066
70471
93002
176855
96757
85445
76907
101034
61133
81073
89933
65236
193494
161796
20047
146048
35942
49310
26618
19561
33343
7302
8160
6165
83604
59649
77903
30605
46318
37749
67196
71296
55988
15342
36425
52440
12790
7719
5433
6281
77180
108442
64044
68532
18526
53157
18164
32239
106228
160326
26774
78002
62540
95159
39170
131175
91465
15171
146268
47035
51219
178427
75711
12284
8990
41227
38258
26217
94438
11482
57868
75473
63520
23539
155302
78841
8685
6847
17034
90188
29398
61850
175688
201860
59232
35392
188407
124788
44951
96343
76946
107598
150898
29340
141418
245484
194138
54789
18825
50653
232815
71750
86158
72208
101603
37599
53031
58042
30879
90647
47203
62774
222830
95877
43661
159753
83330
100160
187345
128349
276151
192362
239883
263805
143977
176438
74284
33188
33370
81934
38940
67019
50850
18923
204382
133925
149559
306289
14248
185941
166323
146511
158589
35683
95167
113491
134039
69375
21651
166683
186666
94355
90396
58890
199069
123248
131866
151802
183187
83928
112238
32299
165006
69024
49300
57221
181193
102339
137609
38472
199189
68475
19325
84989
95444
176512
109215
80575
141081
197526
161671
129742
59463
116575
77193
90913
42237
13230
30308
163578
34311
99385
67992
13213
52294
180423
116150
40203
168828
394094
89518
97459
121384
188957
25679
86004
154245
74234
206533
134161
138568
149985
57653
158890
110544
6939
5899
5442
60454
28111
45072
88445
77237
69332
41320
25521
27485
172296
184409
201277
113676
85126
219772
69150
73340
93947
42246
38068
153511
241918
25572
54574
290545
102650
57740
104661
137980
257395
90298
22817
157963
274334
5920
51897
12689
68025
42645
57966
18179
88062
38880
27233
134322
118955
151222
74809
31207
168272
12327
89543
31430
86180
110123
78193
22049
182496
150381
134584
54705
66813
75394
31765
19079
11208
167564
123507
63237
100438
54786
107019
18425
7913
12788
5842
33354
50415
57701
46487
22379
38136
61982
14660
70154
75064
26234
10866
82580
29803
65789
157439
112259
41479
125805
89557
205870
170698
54157
78260
182707
138871
194092
103257
13891
22494
20933
11395
70902
55517
32851
105109
82447
46670
71188
15305
87826
63032
39258
27625
46146
58530
35054
82620
55578
73036
24993
16559
5469
27031
54834
67309
15275
47176
44281
94486
99823
79875
72337
59910
104468
32511
20234
907148
55883
43552
67746
52976
104400
32395
29372
946077
129121
79044
17895
98374
190582
65825
94838
897715
194422
794617
931115
849674
815180
835439
866792
183151
42890
979572
883472
80818
21556
710324
826465
875309
27837
775779
843290
759021
792320
683729
651864
44309
102025
76466
61206
91215
669522
806044
91071
39217
51385
75263
731637
863291
127434
91947
755745
157949
85777
173232
126298
97235
30564
49108
74415
86733
39128
27242
95581
78778
151526
427375
24227
323742
415788
355301
368036
224349
44673
301544
21208
340519
316900
60170
50777
11727
18505
36423
308612
24972
65040
41646
90068
49784
110565
238316
58700
222785
106756
78681
54925
23252
166477
164028
297201
136044
22982
38938
187792
76462
89325
105955
261967
82407
17103
124504
89333
200299
32989
69659
161242
59744
88555
104632
39946
147977
28104
52305
69184
25327
84646
133419
76764
118879
22460
59278
45367
103378
145688
160953
205625
105660
108331
194618
177991
130815
89419
93839
146044
178209
195155
201758
107766
47550
100054
115903
62866
83766
132088
68368
28793
113054
124508
44272
51841
76462
188403
80935
192996
61614
88954
169630
33726
37231
210008
166523
142630
202904
173303
162300
178701
159134
58455
215252
123000
139400
43004
130918
147493
107444
154915
226919
187588
77598
42868
30266
96942
115450
70265
42533
18744
23912
90628
95082
115160
39052
48137
98035
88188
64452
26525
52960
67597
61308
25210
57182
20195
87469
43820
107060
76103
104270
54948
49969
101245
38734
87109
100112
84107
64393
72808
67982
36094
16763
11389
10570
7215
60121
94706
863513
60837
78026
33432
48669
29998
66061
85238
47053
43033
14121
65796
82867
94758
19313
55586
96472
48004
111266
35774
51563
63545
72296
40215
88727
80569
30919
15376
25327
14384
87675
52449
133220
84959
69820
102017
103473
37077
74373
45171
14555
26781
119181
44411
79721
65077
25155
96610
37551
61924
23517
22459
49968
250030
171533
36079
456077
187984
156873
1252487
28707
49492
105193
85987
445659
221773
269518
378566
109964
286813
494288
394291
409851
94823
1295647
83509
319903
60010
207452
103282
91754
35556
48415
20274
72551
1279905
358640
479961
1268207
236634
63225
344654
76509
69162
79982
1245446
305595
45730
99799
45844
70771
105182
14931
19649
116682
88579
41017
45220
101425
69457
65757
85383
97083
54306
93961
121981
78989
26309
106918
83623
7224
7839
61110
111017
28002
80213
50844
92827
49408
33259
105227
61014
45423
42199
17743
69319
26113
74739
22497
38663
79098
59748
92966
93160
12374
57188
89664
41869
77385
25560
66948
45780
15044
70900
54752
95084
62730
107636
29480
87333
98222
20210
40205
14441
17935
7481
18294
40393
13724
50124
45561
82200
21640
66945
35197
71258
17930
54948
31123
78560
63548
150929
175190
135481
120673
100539
11314
9343
8139
9173
70452
63126
111764
175530
56575
40565
88501
161097
95790
101421
129143
140751
24665
11504
48723
178200
127476
143684
39683
180194
119962
83705
55892
132475
36846
88349
68034
72213
160098
136103
112331
20869
148334
116807
24198
152827
169096
9347
16897
14163
82231
71307
256595
124827
73297
101739
137650
121217
89210
10246
141786
171358
29452
213475
47164
184559
303465
161284
285329
89351
233422
252690
197572
137298
153161
105793
237719
298519
223457
103304
251291
167574
67740
124121
172383
271581
284273
72183
25032
88559
40727
56871
121714
14058
10842
7975
4841
4651
21798
104091
134537
151495
79871
39339
267746
167142
139542
205222
156444
252500
221033
189387
297315
236767
123968
79775
102188
17073
61034
73635
57624
38336
289813
26147
49985
42026
66476
34092
109398
78452
22734
94570
130390
9199
21460
79938
20823
36156
53263
65393
90077
102315
70987
270572
58315
92889
42219
10481
27040
71498
87531
12213
5626
5063
82389
25593
66035
48988
138725
99059
102714
182645
151307
33347
155726
167458
88268
135826
56122
72467
120338
7785
18410
94241
170242
154300
63211
158985
127445
187488
219368
91555
147433
75440
207797
51880
20199
39376
113134
124386
60362
83726
92443
119880
71603
44273
35920
20946
56222
29291
18189
6639
26783
75028
11440
59257
127648
15666
31299
111687
97950
159323
143433
48005
63455
79729
44058
95239
175565
6678
7253
12191
46473
74653
18506
182317
62452
66331
35038
166408
203344
60030
188669
32189
108265
156453
16983
173660
125642
94000
141926
285854
80501
13296
46300
54769
5482
8913
4343
152873
69918
185753
138655
25926
38517
54977
220284
235898
124484
202014
52238
252820
69856
173687
38220
18244
22068
130459
50110
66714
82891
98320
91009
27561
12123
5295
108885
189399
141409
94701
58677
90867
74612
207003
26850
159115
86754
107034
66719
128004
11470
39073
70908
43382
24067
56099
176811
5857
4866
20791
104847
37967
53582
117554
69949
62243
86062
134235
30042
94593
79342
46357
106832
155559
151485
13917
183247
167574
63883
11688
4542
6412
37214
76979
54157
198610
146350
95909
30096
114212
130575
118837
95174
63371
14691
230531
22685
152356
52937
36758
84752
169224
72827
48640
21666
217193
69622
137176
185318
89282
7904
4799
14347
115571
75697
64448
88568
168298
92425
72914
52985
120550
136795
40932
49706
60934
80725
45725
110104
154820
36481
7946
11369
77434
49112
33195
61605
65525
18108
14881
11104
47180
30478
175708
191265
83524
147752
86958
43122
55159
160138
28116
58890
24518
128516
76290
73113
40960
5446
5305
48018
56786
40166
65345
73456
81347
100408
22072
71034
31823
55991
20112
40501
92685
64626
36842
29155
92528
55227
86888
19194
24411
73845
42408
31062
67324
51662
83182
98494
96294
19872
92268
71917
60279
79968
56472
104890
104685
88849
27587
40904
64426
26250
15485
9450
5192
4442
144684
133221
49197
69042
41071
20894
37551
73132
102059
53691
57437
85805
66304
31262
18379
26449
10790
108093
15690
63889
80193
96298
32191
48681
5683
9087
14410
11816
23081
75373
60054
44731
155611
195494
134915
112527
60482
97075
17272
33183
185339
85379
103153
90007
110179
65403
26065
58293
42422
50681
122870
142253
46948
30958
74831
79791
95406
15649
184117
201119
192760
168872
33193
9167
9372
12928
288043
151839
32136
12670
29160
17074
233198
180642
26045
57989
37712
49915
138452
43473
68829
172681
258313
221879
274920
81457
127260
67247
206988
104373
60329
28278
52966
72922
9895
17994
8685
14566
6945
10060
32916
52450
64908
17252
29724
73960
106336
70534
38254
49869
22845
61747
46992
14216
44152
89570
24606
27595
4998
34110
74401
49851
18233
45676
41955
99721
98643
14950
62884
30282
67063
11048
87191
59046
27496
13869
6842
7358
227006
47187
14517
63852
72175
23463
155602
259957
184497
172190
51960
124488
32456
73590
69180
89500
20860
140528
85303
102013
37830
41753
58688
18299
15309
101453
71320
95793
51966
144212
20242
63433
83904
39773
30817
100619
128677
88223
48127
160555
76360
80017
56061
17169
68259
25198
93327
36707
5516
6002
15180
5543
5017
4750
35177
52197
56419
144421
161226
69554
112012
21222
97540
17928
129917
6725
86708
18935
82796
65932
52014
64320
180041
184608
27865
44615
60322
73580
153546
57832
130247
42057
26046
118518
114573
150461
132246
167714
35430
171392
80206
95622
40273
24289
84891
149165
18284
9773
8041
8062
45267
78871
182754
142576
71273
102334
55879
49476
63366
35271
39264
68221
24257
117751
198390
103477
21752
26015
6731
90154
72593
70231
54324
38117
58344
41877
22597
102913
86260
11401
184359
79503
127437
175055
27307
6659
4868
6886
143941
206675
240778
81263
25283
58145
113853
129549
41755
10189
192724
163897
256708
99225
182661
8156
42397
192622
149442
166051
29863
34128
105014
16408
257388
113464
241273
121064
25323
313692
269717
193899
224981
212110
77532
30268
94495
61634
179388
142990
98909
126902
160509
44485
84663
77128
184388
142549
53222
89927
50726
150173
74628
167669
95041
12460
11754
29351
136829
116496
20209
344421
74309
13660
71405
19378
39556
15960
60244
75051
96384
88940
92766
36992
44470
25443
53044
70027
57376
17575
14796
7250
174020
160035
81313
49730
38607
35177
55558
23111
75512
19642
87297
66511
129317
114175
78679
23269
100213
15954
56515
103176
36542
96680
63426
48244
31690
72794
208494
53384
165487
41537
20898
88751
85516
69188
149273
10878
8649
16206
5143
5051
23377
20152
67761
27592
52025
348527
40357
296504
37099
327379
45332
56644
12928
313375
61351
193518
245613
281510
77673
85237
73622
130131
114229
229849
162824
146361
214741
179256
263380
15967
6303
4837
66337
117646
99101
14471
74377
58405
183637
47217
198435
63707
151901
135392
84040
80374
35687
44105
31669
27673
167995
20522
51959
96356
13359
7966
5652
182430
16342
32271
36390
168497
203579
151792
95668
27871
52811
20062
80325
69140
44751
76737
12879
48900
64727
85610
121443
138180
63303
7078
7429
4995
5606
50346
34613
18366
210839
126491
83598
67495
4867
149729
126602
194639
66147
82971
139119
31102
38911
96675
239728
175804
19677
255797
171975
288277
192093
51740
159763
144363
136166
56733
123918
71783
156241
272418
25120
209329
5988
5473
5056
4856
48071
75808
132095
112862
140219
86438
193387
177220
13103
28887
45492
61723
161369
274520
155248
135151
189945
321193
61529
97108
44689
77936
30543
294858
14577
23611
28285
106561
44368
69544
116631
217614
41820
37384
181808
165887
74046
90994
63374
96426
135285
56644
128096
87951
60511
153572
182817
82739
113305
29354
261153
273634
153218
137906
242093
14107
14505
10808
3873
4703
14648
46910
31010
98332
10167
82525
14391
46686
30648
5179
6688
6406
7671
5896
6677
18123
39129
125911
165967
142123
175831
19106
31239
14881
34672
10941
7116
6166
191797
146498
256463
176803
124907
128752
93070
161856
225886
57256
106048
42154
182309
54122
73794
166356
242461
198375
114837
210654
143000
22610
27309
39278
90343
70730
4448
5176
69007
149069
51495
13966
134483
42657
145877
161968
73398
78174
131009
114544
94375
90523
46639
30860
51348
182955
199765
27303
23127
111834
179165
64784
40490
169778
14154
5335
5197
4179
69247
37705
21141
152256
54063
160573
195259
50761
34474
18375
214892
115217
131615
17591
16675
128106
111903
179133
145590
196498
165444
68241
52221
96843
36565
21123
85054
299328
131234
143757
116106
160329
104013
36742
108726
384198
176939
233142
52642
180661
68684
262965
285148
85642
129194
217587
149557
249265
165176
192116
22462
5993
4271
152196
120764
17763
172215
51605
84938
160118
189110
144910
44668
141347
191429
13099
206315
61162
69411
36619
28800
113081
176193
129201
97439
11345
6558
5489
135443
76801
68614
12995
29197
37054
53132
61999
45852
126066
30168
110595
26266
62795
42737
53925
94361
74205
38225
18457
14917
50451
83716
93043
496787
326385
269682
358121
221723
254026
422111
142253
469967
374846
82931
342403
205707
454760
314735
127332
191180
238876
390808
403712
175230
287251
439932
510625
111138
488656
328348
376822
358843
36602
24289
256776
73433
80689
104763
69202
85557
41660
21424
97312
393366
57606
90207
55572
9594
6564
4477
8035
4138
139827
191769
82388
156875
108085
125276
409243
172777
245439
345507
264366
233797
222117
157607
21496
66301
49474
140794
378024
313984
362124
126522
298689
258306
210506
34885
286620
330486
395080
8952
43742
208321
139857
167717
156676
76686
172741
12318
124576
112842
289225
153556
93155
61111
30612
138236
186523
110765
60851
148836
24564
29367
73390
110065
121292
42156
94186
45790
90209
57596
77673
133743
13718
17117
7891
7359
87795
33339
50008
62030
18071
9829
74800
162938
90863
22821
107381
100017
179288
27997
64105
60229
47487
79516
144022
43700
175955
96278
148475
128192
161155
132732
18569
6117
4515
6306
150249
213821
74726
166087
17640
399508
48803
115429
299880
367893
235858
92082
43581
60083
336494
36266
129714
203853
284930
252514
184299
321190
384693
220716
269788
9082
363422
7196
6287
5000
85987
195067
230174
15363
72014
52600
137235
69428
169296
85566
112998
284269
41611
33399
37870
13567
145864
57936
8700
9642
21627
15769
9132
4296
25135
74319
41529
17652
34116
62379
15284
31535
47707
51323
84403
8943
60344
5428
7204
71392
37863
53911
14105
34872
50733
91272
66497
86905
27344
100293
84987
293195
433331
276886
189571
345323
409149
369328
393945
469773
262515
77462
110629
486537
130439
22196
143129
175049
47623
247248
218131
92470
159800
63696
207948
311877
7589
35135
46851
155541
22932
50945
65016
118535
63776
79638
97562
57675
73637
141362
169778
42317
111428
35319
19235
116080
23282
32815
48437
65218
81673
17396
13994
103397
8304
12634
5050
5708
7181
23974
58654
91277
43783
13021
69411
53665
21713
76676
37927
8577
6446
4693
88020
115843
76474
660694
49195
65217
165102
149419
125943
157777
62625
133900
199123
19763
94961
39747
55015
71493
183669
39206
50870
78910
91629
26870
47316
29976
147834
104672
64317
111646
25638
6806
43096
11528
47457
29871
96898
101009
21080
77081
37219
69460
60713
52573
29159
93259
16538
81671
65883
108334
10688
5953
64933
61023
121447
93900
77871
46160
202129
13777
154353
186708
137511
170487
31091
87624
24280
56635
36608
72223
6485
5183
4713
4182
139597
55430
87952
84058
20063
208296
71996
100699
16028
47976
36629
76632
92642
25168
41132
153652
120942
53807
70356
114129
34257
4593
11270
8239
4796
288623
124157
12568
240519
272921
61617
141087
157477
29996
46581
54566
78079
22193
70698
38542
258173
5873
8698
5218
5540
181895
18798
210813
66613
51777
39604
144008
191618
112322
84199
43833
128589
176230
60363
13036
161179
28941
14532
4804
190540
206592
142708
107129
26556
90615
42371
159383
35616
59393
127355
75156
175983
84044
199585
155099
151665
528502
140622
168877
368849
599949
352124
337788
138356
122097
192138
244461
295580
232393
264329
70026
88877
48081
313292
328240
99306
279546
32854
275700
31985
16239
75027
292599
136718
113269
303722
144578
129555
154549
244633
66013
262531
214554
111006
178408
187079
163523
211317
123574
98746
51305
232230
137243
188376
192387
124611
99661
176201
