19905
18266
14281
20095
25984
17276
23885
16229
20545
12012
18381
17294
23231
11530
9929
11269
32330
22504
53160
30875
24601
14174
10697
33116
38509
51205
21990
28832
50144
27791
21324
19476
10386
8782
16390
14980
18383
26013
43441
57708
19040
19307
22672
19280
11996
29472
27103
14136
11140
17201
21333
14200
21972
11845
7841
14441
16350
12714
10326
36613
32913
29928
22157
25715
24457
28074
20504
9593
15320
10678
25543
29103
26514
15141
32689
11148
14298
32535
8256
19459
22897
16184
6204
12725
11469
12458
13764
21847
20951
19204
11285
13994
28867
14698
7734
9851
20027
14185
20451
9460
14674
7605
15253
10078
14759
9135
9000
10755
17643
13969
12663
9234
14724
15847
13962
16842
9353
14642
14983
13888
25829
26753
39768
35318
22760
25019
28640
25762
12270
13849
32312
17495
17851
6128
12346
9719
6308
8367
8612
7145
9470
9583
7835
9064
5980
9281
12969
17053
15219
16531
19296
13052
6246
27754
20135
18711
27010
35212
23534
25666
18079
14190
18253
30858
28901
24666
18450
17612
12945
9890
21703
13698
18777
21902
19202
13096
8879
12693
11530
17226
12685
11083
15468
13446
9614
9701
11785
8100
9825
6876
10816
8794
7703
6146
6924
10444
8553
11159
9545
10729
19716
16641
13517
20200
14814
13207
7269
15069
12725
9980
20466
10586
12800
16606
8962
19967
8948
15345
6949
11124
13515
15230
22032
12524
15975
12024
15938
15716
11544
14759
11006
8834
7299
10098
25761
25025
23962
19926
31897
12917
13442
10407
21802
35310
15788
9072
7021
10598
6545
7655
5949
7877
8855
7161
6003
11295
8152
6608
7820
9765
9776
8056
6646
9308
10223
14578
8896
7757
14360
10711
7721
9804
10785
7679
6276
10268
9792
10240
20176
12917
9678
18047
16239
20334
14252
14064
6213
10019
6501
8662
10517
9054
7254
6632
4021
7833
6899
5966
6528
9040
8812
9118
7523
10346
7592
9753
8286
6989
11253
7119
5544
8084
11581
9210
7198
7328
18798
11544
9614
13048
13603
12116
18682
8713
11243
7387
6768
5519
8263
6885
6300
10906
9837
7007
7581
5957
7151
10300
7605
6881
11614
14716
7448
7264
8329
6613
9334
5103
11350
6633
8570
6368
9556
6523
11286
5463
9533
8675
6976
10190
7965
11865
5540
6625
9141
11149
8462
9123
8156
11937
16081
13048
11689
10248
11852
13362
11585
9803
11058
6153
9625
10038
8174
8760
7480
11509
13110
11376
9156
8618
7115
17466
14842
10615
7036
6955
7916
7310
7310
6659
8957
12574
9063
21037
24928
27718
28964
15633
17156
13348
23011
6403
14859
12848
5823
7597
11966
16244
7562
8448
8666
11052
12001
8669
7612
18054
15093
6149
9955
20138
14882
13586
13051
18357
11586
16209
16032
12168
8013
9919
7385
13704
17015
8575
6683
5267
10159
7108
8102
14198
11958
28101
22146
25953
21482
27513
13394
25845
22863
20702
16554
23720
21680
15415
31018
16628
25874
24089
20357
14751
16053
12155
8396
9723
13236
17420
19382
11213
10292
7193
7936
19870
16494
11352
12697
8406
9447
6737
7472
9163
12470
13855
7354
9554
6211
9600
9194
7359
5823
8467
6382
6382
7768
7599
6883
9756
11016
5854
8021
6522
6895
5602
12570
9704
6155
8287
11100
8827
20399
18389
17314
16772
12223
20784
15651
8471
10957
13883
14058
14057
17898
15839
12354
10774
6677
18413
11717
21819
9793
13438
12140
10636
24142
15539
14513
12552
13960
8874
10562
18065
12921
10895
12080
7261
9521
9236
7202
5924
7429
9206
6073
4928
5274
6539
9263
5489
10438
7383
16600
15959
20871
10902
15979
25298
22074
19010
28902
15034
21795
11607
15321
8505
14897
11059
18916
13016
6704
5746
11473
8546
18668
12067
9441
8412
7341
7333
7403
5403
17615
5648
8304
15605
8557
12752
20394
22500
24325
26559
20517
15720
21038
18419
12048
13835
61586
42408
44374
59897
57668
46908
67712
66863
60777
42134
28258
30392
42877
39453
46868
45835
42203
14705
9142
13535
9694
12095
8772
9865
11762
10442
5473
6344
17581
13063
23012
19076
30466
19928
27320
12202
12795
27114
33807
28739
40676
32348
40754
45522
21583
23618
19479
45378
41193
27534
38819
55784
29249
33946
29198
32689
12015
6948
51058
13764
12668
8637
11405
19681
15513
10679
11631
10132
8883
14692
13574
9580
13234
8852
12779
16074
12576
24684
13658
17447
12278
9607
13050
11871
9082
6868
13619
21816
15740
19323
19305
5968
8742
5147
7563
10053
16910
9192
7140
4419
9291
9186
16311
8413
7180
9176
7472
8392
8567
6597
7305
7366
9699
7053
6364
9773
9348
7236
8489
12600
10455
8899
6710
5273
8202
14635
8832
6333
7700
9665
7178
13035
9131
14325
8603
6855
9260
23280
16272
9996
21557
14865
21660
21967
14154
20820
14774
11744
9090
12078
21958
19259
10996
26366
16194
38722
30484
18285
27717
11140
22957
12372
10188
12767
6682
10544
14815
11688
7488
10393
12387
7608
4874
6816
13259
7511
10138
9505
7560
9676
7062
10910
10390
7237
5893
7230
9002
5526
7722
13572
10097
15891
19767
9609
14185
18034
15049
15357
9247
7661
10558
9446
7507
8222
10993
9673
9990
6966
14879
8048
8110
9207
10444
7362
5825
8870
7463
5856
4373
7398
5452
5444
6089
5990
11970
9739
8223
12267
6439
10475
5726
9559
5846
7441
10774
5760
8776
12938
10781
7564
7582
7017
5260
9350
8707
10802
9834
8264
8314
7807
10967
10939
18904
7314
15667
19810
10181
17704
10615
8766
8514
10601
9572
18990
9926
7773
6519
4974
14281
9669
6333
8917
10956
7721
8621
6809
11591
8687
7799
7352
5694
6789
7919
10311
6186
10059
9820
8009
7644
6261
10500
9772
6051
8349
6539
7620
7310
31152
26709
29647
28585
7251
7091
37250
8662
11565
5343
13574
9768
20902
12421
14664
9137
10647
14298
11279
9321
13296
7668
10392
7577
6251
9808
18875
19073
9481
7526
9855
8524
11317
7692
6448
8538
8753
7258
7465
5357
7679
6343
5930
9141
5351
9506
5576
5710
5842
8649
6819
6182
5747
8814
7290
6744
7541
10388
11900
9135
13688
9563
11069
9143
17883
9415
7466
12280
7868
7686
7274
11391
10174
8830
10350
21817
24774
29140
20858
21756
11689
9666
12783
13412
8220
12476
9295
9099
11171
9000
21369
9611
15849
12413
10467
7865
9862
8327
9875
9643
14119
12099
15249
8030
7812
7047
13585
11761
9771
9200
7862
12204
10767
9571
11300
7962
14711
12452
10653
10861
12109
6521
11122
14112
8548
13053
10881
7447
8943
11618
14725
8878
9383
6944
5983
12749
7169
6899
7664
6205
12992
12157
10758
10224
8654
14558
10178
7158
6690
13696
11562
8372
6828
9832
5803
15126
11054
13495
10016
6195
12876
14412
8349
6731
8228
10672
13190
14942
11254
8761
6885
16330
19102
10026
6233
9902
6561
5594
7266
7120
6550
5658
8357
8309
11316
9200
10943
6809
9659
4507
6868
9239
5483
6038
5360
5054
7699
4871
7043
6556
10882
9354
12112
10563
8823
15295
7549
21130
22712
11792
20729
16739
13542
20548
14486
8680
16963
13115
17859
10700
15724
12380
12226
14538
7295
16381
12307
15642
21866
8924
11198
12655
10084
5973
22985
12398
8614
13154
12083
9327
11486
7637
5013
8650
6869
9337
7609
7018
7427
11787
11004
9876
7299
8279
6970
14773
8222
16760
17195
8020
8938
11901
8873
9605
7675
6433
14640
4758
9153
6542
8050
6196
7239
5471
6189
8468
7632
5556
10206
4523
5075
6037
4713
6942
6023
5244
7552
6455
5567
5430
6096
8296
7135
19121
19507
20219
6911
22177
23811
11120
8658
9697
18817
12610
13689
20437
20898
25682
15597
16190
7730
8467
10627
12633
9946
9380
8752
10094
16739
18813
16778
9715
15089
14037
16018
8389
10786
13779
10142
12200
8866
13149
10378
14734
7989
13246
10167
13081
7835
11255
16238
10355
10244
7022
6497
8740
11009
9445
7592
12743
11367
7876
9447
6295
6534
8562
7558
7441
9153
5540
8498
9542
12537
9995
8338
6558
9376
6664
7252
10428
9015
7404
9004
5758
7963
8974
7556
7461
5606
12252
5930
8258
8990
5682
8217
7308
9629
7230
9215
7429
5061
5484
8183
8032
7249
7045
5911
8361
9902
7343
11495
7506
12696
7318
11415
19549
23392
21686
19170
20392
7436
4873
8092
14229
9734
8625
13443
9088
8002
7377
11770
10127
9090
4812
9048
4959
7952
12138
12902
7071
12891
7517
12006
7705
11953
10202
7174
10688
7286
8829
8856
8145
7617
8802
9257
5968
4938
6097
17847
13475
11078
11887
10715
6834
9117
11147
9441
7861
8736
7625
9262
6829
12828
9427
8775
12613
11194
16550
10982
17003
15826
15090
19927
12163
8345
8313
18222
8705
12823
14586
11416
10867
18741
13172
12832
20479
13732
11910
13613
21474
15531
12026
10590
14941
15146
11558
11096
20481
7463
11481
12902
31420
20937
11736
15181
12896
7745
10475
10824
9752
6683
11109
10719
8310
8634
7893
10326
9249
8349
8295
6520
11115
6240
8781
7485
6364
8699
11380
9861
9782
8618
7523
8598
6906
8906
10856
10476
6420
7364
11295
9308
15795
16220
10038
13769
14957
12079
10085
7559
5142
9030
5059
8296
20509
27284
14618
7469
17549
9745
19866
14354
8571
13073
6758
5453
8208
8626
7813
8735
12554
9684
6459
8645
8994
10009
6995
11123
10413
8726
8817
6416
7055
8698
19158
23610
6992
22910
21180
9931
7585
6812
8502
5477
10193
7250
10736
7385
9905
4710
13661
12684
8805
11960
6809
11616
19438
10398
10713
8211
9362
5653
7205
5766
4779
9673
8326
7813
6020
7329
6574
10011
9178
13903
7648
12212
14072
22897
14606
10706
20936
18618
18881
12488
20722
17120
11551
13521
14284
13043
12652
18632
22098
26270
17485
18746
7066
27010
18990
23409
17842
16603
10904
13747
18201
15626
28861
7147
9062
12355
16037
12509
21264
9929
11267
7483
14367
8019
8109
12196
8670
6331
8436
9478
8544
6443
8142
10060
7361
6285
5502
10099
8030
8164
8111
7810
11076
10170
20667
8677
9230
20582
12707
7397
14364
12453
8795
14651
7340
14428
8727
8556
11061
11721
8100
12473
6968
15791
13317
10178
11891
14161
31255
9942
10816
12432
15276
11374
13853
22133
9702
14995
17134
8000
10283
14116
12410
9672
7613
11345
7403
9686
8895
11247
10581
9379
7744
9592
6475
8775
6205
6477
12378
8477
7627
6017
8691
11833
12512
10906
24890
23835
18842
24840
25375
29044
14381
18397
12116
18086
12200
17203
22141
13980
19667
17757
27855
14399
10278
32978
24285
12313
35578
13144
15776
25763
28782
19239
18486
23282
25515
13392
15803
13946
23354
13422
28451
32961
30917
15669
21181
20400
11457
17301
8685
8260
14900
11398
20211
23885
19133
13865
15917
19490
24763
12460
13633
23563
13627
6707
7657
11253
10616
14773
20693
23242
23006
20865
23882
12256
15312
25222
22452
33790
15865
21822
22987
27398
41650
10382
20272
11010
24717
43485
16282
18018
27182
24099
15729
27759
20031
36672
25372
38433
30194
35980
30741
42908
40940
48729
35612
40588
35904
18429
37761
13468
17325
72016
42831
34914
17772
27014
44506
48760
34540
51516
39291
30416
54592
49698
40538
35489
33529
18767
46219
20838
45471
23077
20194
30153
37828
28281
45769
28326
23322
25867
20997
22233
26736
8032
13286
16635
20515
13501
11690
19140
22765
26825
22248
24981
34410
16787
50711
28854
19548
18747
45394
17044
22074
19669
19121
35987
14993
13875
23572
44159
31512
17736
10481
17474
27674
25779
20394
7508
12192
15363
24546
26601
19404
28146
26205
24381
19502
15243
23753
27675
10544
11411
42286
14213
29988
52426
20168
27650
25547
29902
27968
24908
9130
10470
25515
17019
8754
14746
20136
14389
7218
22399
19461
7509
13244
9017
11009
6358
7385
8955
6750
5714
5459
17145
15061
11217
13298
7423
11596
10916
8795
9517
8957
10323
7158
8377
11040
8352
9697
13248
14949
10074
9889
12414
8780
6994
8143
23921
7348
8514
13349
22010
11391
13230
12640
10112
6786
9911
5859
16679
9307
21844
24300
7033
8678
27628
24259
27148
22708
16043
20031
17732
26833
27184
23336
40295
12731
25373
15712
26055
38235
26474
49202
13890
21450
25742
40277
29992
31090
27177
23573
16433
24098
41747
29107
25647
20284
26979
42429
59701
23062
15201
13380
22297
20038
23445
18042
25587
13924
15804
14758
13173
12919
12217
10284
13849
13987
9894
15377
11189
13773
12535
19044
15911
16309
11281
13970
9579
13887
8955
9940
8281
12228
14297
17643
14951
18336
17576
18656
12308
10183
14629
13502
17625
19557
14171
20961
17884
19424
31108
29232
12984
16116
14364
12276
22558
24521
12288
18000
21767
25495
32328
22928
26710
21148
30262
15189
17615
39715
11765
19501
22437
20744
11288
14209
9290
10829
16874
11002
10181
11172
13222
9298
14993
10705
13296
9946
11390
16028
12495
13979
9537
10942
7555
15779
13535
12322
8246
10670
7140
8820
7473
5614
10321
8304
7325
6084
8211
17999
21071
22398
11229
24436
10388
10387
14710
10576
9978
8720
6764
12347
8821
10754
6118
10776
8287
6642
8490
9965
11884
14844
14436
6630
13316
17965
14346
9122
16651
10975
8122
11589
8077
13290
8945
8113
10383
7873
5767
9151
7444
6424
19493
10289
7441
8698
12936
9090
8563
9468
7091
10440
7614
7522
9837
7460
7770
6228
8349
12542
7941
9173
6724
5487
9258
7784
8395
7570
10897
8889
6625
7654
12464
7002
13231
11177
6442
5828
11937
8874
16873
13033
15492
13181
9518
7594
8422
14523
8063
11262
10905
5506
9180
12111
5232
8686
6934
13821
8359
7676
13512
6870
5477
7993
7175
25465
10329
7426
17309
15983
7183
15950
11272
8526
10679
8859
12137
8342
10294
10407
14179
10531
21683
21917
19327
10667
30521
13705
12461
27330
9776
12947
13963
10613
15240
9328
14245
8561
8899
18002
8886
15707
17788
13614
15408
13470
11442
17845
10088
13307
10760
14756
13190
16127
10249
11213
7106
14083
9946
8306
11228
6923
12741
7135
10991
7914
5618
9008
8307
12903
6281
9639
5955
7086
5643
5704
5298
8866
7285
6049
10003
5371
5449
7575
8595
9541
5046
7686
12585
5961
5409
5752
9234
10314
6609
8645
7202
7993
8501
5490
10489
5431
11051
15918
10016
10554
14652
11482
9863
11821
10560
18157
9637
14246
11791
8370
10281
13445
11102
8218
21523
27658
18705
20698
23800
28994
20946
16921
18267
13913
27377
11938
10143
9810
16265
12104
7656
11020
10793
10945
7636
15582
14655
8518
13785
11577
8510
11853
12375
7652
7131
11327
15056
10626
24129
10379
17287
13999
17309
13701
13734
7334
6319
6636
9913
10295
7061
9522
7586
8498
12921
6663
9156
6566
9217
6656
9490
10941
6538
11395
9121
6634
7464
6122
8246
8131
6412
9964
7931
11743
10412
12652
16894
8306
7897
12369
8981
8800
10878
8839
7192
4701
11604
13929
5887
8407
6893
8525
11940
8767
7067
9040
7065
8425
8034
5964
7890
6845
18198
20236
16117
10325
20818
20038
15734
11592
14344
13990
15837
8456
12305
19220
18021
31661
32222
16443
13776
21755
11201
12939
11955
14104
21911
10899
10601
12250
8784
11004
7142
9008
5833
9658
5136
11058
8931
5966
8985
8673
8374
7041
7302
5086
7838
6720
7257
7054
8300
8548
6692
8732
10287
8694
8270
6701
6137
6050
8857
6267
7928
6964
7451
11256
8069
11451
9972
13000
9738
6275
7316
13063
8740
11968
5866
8242
4484
11758
5841
13107
7493
12065
10334
6263
9300
10009
15237
15699
14396
8742
11260
11309
4580
6476
7422
9398
5615
8993
22999
20342
17141
13121
15176
9778
27411
15286
13670
10243
8123
16364
10731
16016
11360
7488
16655
11031
12852
9277
8387
8677
12212
8894
15006
9291
11702
14204
6699
9184
5838
6551
5430
7706
9004
6580
8996
6677
25470
25438
9482
22597
30776
11469
16811
14221
10940
19876
21424
16159
11296
15593
11758
10872
10013
8299
10642
18670
17026
8041
12080
8475
8088
8316
7208
5706
8842
5933
8525
7645
5361
6170
9497
6946
5919
8332
6876
4887
5116
7186
9217
6775
9351
8950
7386
9500
10357
12182
4910
9586
12066
7983
6191
5261
7184
5431
6401
8359
12232
10408
8981
7861
6470
7910
5440
7614
6250
4902
6335
4936
8168
9939
6169
7091
6025
7011
4972
8278
11020
5262
4917
5150
7481
8639
6051
9024
8054
5537
6119
8702
5837
6419
8564
5192
7089
6696
6571
6395
5133
6469
11756
9137
10892
16289
11293
10076
10214
11616
10947
14936
13278
22930
8551
15392
14703
13001
24088
16220
10606
16600
16291
21620
8577
11443
15628
30520
11923
16205
18073
15320
13479
6480
18873
18337
9167
7644
9441
19134
10858
8722
19721
25513
24594
24869
28977
12792
13859
11533
10415
8987
8487
10254
6814
4482
6413
5514
6467
5339
7358
8065
9104
7451
6844
7760
6712
21141
23312
18720
18507
9301
9143
10991
4465
15457
10380
10784
14816
10525
11494
16129
11844
11672
11972
9951
7733
9947
20663
9588
15734
16565
8671
9248
9806
16550
14672
7914
15041
7734
11064
13087
7370
10665
10719
13511
7726
11446
15394
5906
6690
10506
8167
8623
5750
9928
10897
7192
10294
6412
7241
5196
9965
7747
9649
10118
6328
11532
10659
8366
10678
7689
9850
6561
10274
8835
7013
7040
7534
10088
8220
10970
7369
5762
13082
7600
11573
6509
10816
8946
8219
9452
7507
5664
5918
7225
7430
7353
6432
5219
4456
6244
6114
6149
4850
7172
9486
5432
7427
6242
11284
8563
6208
8927
5619
16678
7076
12027
15791
18165
9158
8815
13990
8743
12792
6916
10845
8360
5136
7785
8487
6103
7065
9179
7949
11590
7919
10551
9740
8059
8190
10485
8976
6867
9714
7039
9803
9633
14484
12001
9288
7291
7960
7783
5915
12023
8644
4973
11525
6901
8780
10382
8641
10703
11228
20214
16309
13873
18164
10101
21005
18634
12659
20257
25320
13457
8161
10469
22977
18940
24173
47225
49436
20034
42166
25941
13969
32039
19465
53729
16065
11406
26195
29383
14217
17880
23216
16119
15484
17396
9155
12205
11983
10271
13375
21616
9737
7983
12676
23651
9773
8188
11264
15150
12345
9823
8602
11368
12401
10337
8801
14285
10029
15219
19562
14441
10201
16516
12968
15821
12842
18208
28743
21133
30019
22960
26842
17583
27598
29503
42594
30832
34049
28785
41499
20672
52007
12646
22136
46850
42232
20059
38816
37029
32835
19256
23146
23788
17928
21662
48756
15785
22965
31977
12639
10147
23439
6432
10976
15987
10726
40881
50462
13684
16911
33120
22020
26503
17047
7822
8182
10526
9521
7615
12818
16975
12793
17862
17500
20047
13070
12155
12085
27561
7532
7804
10788
18496
17388
11613
9745
13733
6871
5126
10827
10251
13281
6166
8754
6836
14038
21287
22331
8695
18924
19678
12443
19634
17075
13666
33822
11654
11127
11398
26633
8580
16198
17254
9501
13452
13041
11178
11335
13563
15801
14721
20006
28153
30905
13590
24472
8071
10841
9784
11713
12559
24628
12137
10366
7355
13009
15525
11212
11993
11639
6567
9157
12777
11744
11316
12951
9565
6472
8575
7182
8682
15289
13257
7108
7712
7902
11677
8406
18660
13242
16250
8602
28269
19886
26104
11272
11033
9475
15338
42000
24793
7724
38086
33476
26675
8537
22066
57104
27631
19528
27237
18217
71517
22519
21027
15911
17163
25876
16067
18577
13145
11767
23873
39393
16370
11311
10864
9241
9058
56066
15985
14665
10827
21042
21201
18904
19767
16454
20561
12575
14759
21734
10676
11159
23893
14824
8176
14119
16689
25369
16274
10732
13204
9079
11145
6987
17138
8889
15747
9031
5468
20373
7794
9824
13130
19028
8047
21151
11980
14164
15216
9824
12327
11344
9779
8158
7421
14165
7290
17056
13945
19202
11247
13201
11294
19325
26674
10920
8372
14021
11824
9716
9161
16796
7827
9578
14527
19316
9167
7496
13244
16676
12374
14187
8207
17330
15612
20404
19159
15804
15227
16827
15641
13543
16045
10898
9268
7996
16836
26218
21350
20430
25726
30283
30540
13008
14781
24824
22541
11352
29644
17610
21815
42934
41008
23268
15661
35642
11130
7186
8618
19002
16912
20307
9181
16976
11286
14453
9883
18276
28343
12642
10565
10111
6756
12799
10348
14559
14084
9984
12182
16381
19241
13542
16085
13683
6522
9240
11333
9720
6596
5738
8533
17635
9688
18173
12215
14274
22669
20269
10700
13556
15755
9188
9142
11434
11421
9350
10614
14086
8253
6142
15975
15454
9635
8434
7328
5936
14472
12504
47909
30411
27671
32508
27081
37456
36298
17010
18978
8270
24960
10717
16935
26047
13101
16671
20444
13923
20039
10099
14823
6057
12171
43738
10796
11941
7734
7134
9617
7145
12197
11590
16459
11782
10846
9124
7629
13168
13117
10228
8323
9701
6437
10918
8938
6904
10045
14289
12767
6122
9899
7873
6389
9579
7882
8529
6472
10319
8691
6845
9533
7064
16251
14734
10006
8130
12141
7939
9514
9005
9237
7536
9940
6851
7855
14487
7787
7954
7578
6939
11081
8995
11644
8550
11290
8482
16806
12909
13167
8829
6360
8510
17394
8272
9513
12539
8742
11163
9632
7867
15691
5165
9054
7503
10897
8709
5996
13749
6870
6286
8291
4947
7869
13291
7651
10953
10845
9840
9130
10455
6491
5909
8132
11502
7237
7712
11145
13126
16736
16400
15846
13573
11959
19591
17834
11073
13059
13013
11108
16137
13305
7307
16324
8082
14275
10507
8917
18361
7600
6273
8439
12833
16125
11235
7145
11624
15301
10983
6560
14415
9270
9227
11296
7154
6023
11862
6663
8964
10290
9670
5775
6139
12830
8287
4845
6408
9566
4393
4236
5001
6933
6338
10286
10027
8067
8083
11221
6413
8934
4873
5065
10931
11816
9524
12457
10783
8939
10167
16234
11121
7551
9079
7355
14005
8594
13406
17607
10646
10007
10527
13803
8836
12287
6966
7610
12505
6750
10168
9911
13910
16344
14932
18948
15788
10735
9952
19191
12963
10324
8910
6947
11152
24603
20679
27035
23389
9692
26662
14744
13441
17346
11281
15205
9506
10808
10790
9415
9036
5296
7960
13668
5095
6377
8655
8497
6949
10234
7692
7802
5592
5666
8062
4593
8061
5592
7442
7921
5510
10771
10569
7400
9855
9464
9493
7486
13854
16162
9966
11193
10642
7824
10242
6981
7185
7119
7173
9759
18976
10221
13933
11144
15216
9505
11860
9328
17972
9089
9475
12057
10591
12074
8451
7058
15374
18017
8077
9180
25879
22214
19348
16325
15365
14849
23306
12423
18016
10977
14100
6740
24364
13206
21455
13282
15950
12338
15310
10242
22278
10368
11505
15521
9432
8011
9855
9301
14854
11067
9715
12564
7100
11327
8323
8409
16667
11098
7296
13122
8620
8331
15207
10931
13540
7774
15152
9762
5348
11902
6884
13001
17087
10919
9350
6637
7591
11943
17440
7487
7069
5860
5393
11977
8827
8745
8104
7591
11954
11911
8647
9850
8774
7407
8991
6502
6441
5418
7813
6216
5341
10194
8611
11469
6088
5997
9337
18795
25229
16273
35397
19454
34529
48688
21162
21396
11982
14001
10355
6174
9600
18108
7858
15744
8354
8740
8799
30261
46014
11777
22431
13163
12372
10785
12820
12342
19370
26115
23367
17693
19906
15048
13188
25731
20438
28961
13044
12368
16783
12700
10786
13469
11730
13079
21544
18087
13112
11060
9272
13612
10305
10595
9408
9740
7939
10826
7334
9838
5771
7675
14589
7961
13014
16445
21468
22699
22135
22755
11956
36848
21275
16631
18971
23724
20641
8883
23908
12712
22663
16156
18444
8870
7336
12411
9118
6507
10949
7817
13394
8765
15350
17754
11890
8296
5894
13038
7923
7022
5816
6578
8356
6471
8531
11167
9795
8163
6650
6211
10268
7415
5028
15135
18300
12695
16685
14538
10489
8161
13601
6969
12774
14254
11334
16167
11362
29402
34623
29418
22243
21370
32903
36855
18828
29389
39729
18162
27834
26361
24467
18706
34281
20170
18485
14275
8137
15433
9885
7303
10294
21935
16900
33813
24146
33373
9728
7737
14123
20926
17356
9481
8718
11738
16161
14812
11957
17230
27464
9680
10490
20977
11529
19060
25551
13716
10028
12438
10476
11963
8654
12493
8768
9507
8124
10527
12337
11537
11010
7695
11089
7516
8625
7419
5886
12185
5327
12594
11977
10862
7342
12104
8730
6078
9184
11366
16899
15451
18235
12917
16020
12714
14220
11489
10628
7720
11020
8564
8437
13285
9538
13080
18258
14216
12427
10816
7398
16272
11686
6238
7516
6127
7008
6398
15331
7402
12962
7887
16999
8596
7475
12890
9951
10068
13156
20988
13255
18100
13234
9620
15745
9992
16391
10147
12955
13545
7615
16445
9977
7247
9992
8300
7118
7365
6526
9598
6925
8381
5670
6606
5600
7174
7713
6110
7140
6978
7284
11298
6680
10867
11990
11969
10863
8838
9814
6210
8278
7400
7627
8354
6098
8389
6907
8225
14828
9122
14279
14539
16904
10902
8783
15560
7963
26047
23174
14909
13047
17176
21474
17285
9066
24924
15302
11325
24211
13438
19425
16790
10788
18459
12144
9175
14515
22737
12140
10520
13183
23927
13746
9153
16730
9977
13999
17990
17918
14209
25168
17253
20330
29310
32781
25340
39176
35477
40087
40629
48646
28120
32331
20411
17250
23355
21665
16332
21906
38236
34157
30966
36887
42709
31337
32586
36345
43313
23596
24619
28584
17330
51184
33540
34148
31715
24901
25913
30572
21425
11772
16196
15310
20496
16860
37996
15764
16621
10320
14611
12681
18947
10752
17490
8291
10655
12194
16416
15726
12816
9867
6695
11916
17794
10398
10482
4739
6666
13453
19533
14798
14115
21248
12975
14786
16477
21013
22490
15238
13571
12937
14788
10800
7371
10388
13920
16035
18114
7768
23348
12089
12025
10511
13912
6206
11354
13621
12386
10351
10308
13029
9439
9704
12686
10286
12453
9672
9856
15786
9297
9539
9689
7411
11405
9749
24128
21558
19245
20887
18647
21430
23078
12591
12257
7954
12534
7827
11584
20515
16867
33036
14563
10249
8410
13161
10042
8920
10049
14722
9098
13072
7742
15587
9972
13200
7603
6865
8229
5303
5304
6304
6120
5633
9949
4984
8177
5546
7015
13035
8775
11922
9895
8076
13016
10807
7088
10824
7535
15578
8507
12271
15654
14434
20392
7396
25905
17453
30744
14416
14421
10601
22229
12174
21981
8411
9603
13305
8337
11040
14036
24698
7654
11273
10464
8430
6989
7088
11684
11604
9964
12207
15120
14458
18699
20161
16698
14094
12712
11655
17000
26157
14153
11120
10022
12863
16890
16568
10591
14278
12200
11865
15365
8351
13091
18977
8236
10705
13224
17247
15792
9020
14349
8199
8291
15072
11763
8055
6544
8287
7548
6454
13406
9246
14136
13153
17823
21598
12168
8258
11622
19857
14063
12967
10964
9054
7419
7558
8240
6737
9966
15587
6882
10466
9195
11750
7931
6640
14855
7216
10939
8371
7929
13521
12662
11024
7457
9054
15505
8047
26781
17060
20924
24565
21955
24526
7848
12779
9142
13815
8757
9646
7225
12002
8197
6144
11031
6303
10374
8806
8621
6338
5520
11471
10063
22029
20737
8695
24202
28279
14798
13623
5702
9144
12533
8479
18570
10859
18375
12491
9953
10172
18426
18224
16241
8507
18123
9983
17099
13414
13927
6655
11062
22309
15360
15541
13689
17525
15509
22259
14941
15047
13267
11679
23006
14334
10839
16930
13250
16964
15291
13070
20358
12799
8393
16653
16878
28835
27524
15509
11725
29496
11607
21100
20242
27771
20627
24841
9337
16933
17409
14943
15509
11214
10691
16530
13967
9128
13724
8101
7824
7721
9002
12129
11229
9306
6720
8250
5036
6978
9226
19067
8240
17926
8442
7966
25026
6885
5041
6119
6106
11568
19160
10711
7876
8816
7179
13584
7375
10244
6747
6327
5282
8426
8048
7717
9153
6300
13708
17942
20248
11119
8950
14849
19664
19882
17042
15264
11398
16280
14006
16276
11854
29481
11689
11082
15552
14687
26282
6618
20106
17698
31994
32661
26078
30752
14078
30121
18626
33253
24869
38858
37036
25017
35172
33399
16599
16901
37355
26300
19328
19805
25809
38074
18161
15274
26480
12697
13478
24221
30474
44846
19904
22702
17226
30118
20539
37567
27513
28455
49430
38153
30526
19802
27451
24391
34845
25887
27241
15280
9767
26424
26322
10163
18342
15250
13011
10324
17741
20746
21748
37413
13850
46429
10399
17028
11309
10591
14791
30623
24370
8566
14867
15753
12346
15085
15442
11281
21593
22868
19619
16141
12537
24119
15419
23063
19397
13147
15881
16200
8459
14155
6373
11983
6694
20329
7594
6690
8177
6431
23392
9020
11185
22707
24298
14876
20441
13706
12748
6889
10943
20615
9596
8422
8296
24160
17539
10323
14394
10093
7797
11679
9605
13539
7975
11374
20508
20263
14505
21159
21271
19097
9150
7482
11216
6028
11187
12326
8277
10105
10839
8781
15212
13396
8491
11389
15739
21496
15785
9767
11130
15705
19913
11255
16049
10678
8883
13042
11666
10468
14686
9589
6914
11550
12061
17644
8825
12356
15317
7860
9237
6820
10066
6000
10592
9052
16839
7296
13562
13844
10032
12242
6602
5346
9801
7478
6246
5745
8371
12855
9881
11274
8526
9301
9049
8097
6613
5167
6576
9696
7792
7285
9649
10375
9029
7449
10556
6285
8219
9626
7252
8079
7019
8844
11634
12267
9004
8362
10103
10101
7405
10577
10067
7486
6229
5969
5085
9091
20913
23596
25151
18833
11089
23269
21037
39406
18934
15241
33365
23481
14568
18671
23049
10316
10690
7018
14577
7650
7459
13106
13690
11226
22231
12527
9289
35010
9214
12265
14008
8404
10778
9116
12906
14142
10100
9544
23666
27866
13047
13203
27539
9271
9746
8759
6966
7743
8003
7310
14220
7689
9618
14621
8718
7775
8231
7181
14043
5999
10617
7244
6846
11397
7761
9787
9208
11443
7159
9993
9372
9132
8059
5049
8228
7060
7250
4924
6727
11393
10642
9244
6971
9645
6085
7155
6833
9251
9435
7417
8350
6556
8764
11117
5879
4913
9172
7268
5964
7470
8180
11721
7257
7653
10285
13239
16511
7922
13702
11574
9528
16603
13119
17417
20140
10750
13306
12110
27428
19613
15076
21326
14713
12922
17670
11674
16055
10036
18272
21435
17015
12007
7442
17142
14682
11112
18308
8777
17007
19771
14933
12301
12872
12388
9791
11848
17943
6017
14630
11075
7413
15351
7356
6129
10491
5317
6970
6405
6273
6940
6301
6219
5428
9308
12918
15763
10278
12322
7252
10095
20082
18954
18179
23175
6005
9372
16117
12261
15463
20758
12247
6593
8369
12579
18390
16441
11452
15703
11523
14269
9809
16179
10196
8789
7281
13609
7415
4356
5018
10522
6107
8687
12838
14396
17605
12566
12336
8852
10933
7400
6891
5463
7742
7966
5956
8372
9552
10230
11419
8819
7896
6139
8169
7474
6174
7468
5931
8822
11852
7000
9759
8128
11163
8311
7014
8333
8099
5900
7890
6155
5436
6044
7247
4353
6487
5501
6269
11483
8799
6225
8187
5279
6928
10912
8716
8112
6289
6499
5436
5037
17570
16049
8617
20621
12291
16674
7039
11531
9943
8856
14401
7615
8897
10630
12920
13262
10589
11783
11596
16392
11221
18727
17332
8790
13597
14160
20633
14617
9454
9316
15373
13506
13157
14117
17059
23202
17461
15836
7748
21827
15954
13704
15227
7879
10062
16168
11830
14873
11274
9796
14807
6913
27763
19020
24520
22696
10828
13781
16967
7681
18380
16820
13499
9095
24825
9376
23713
13402
5519
10731
11542
8773
14944
8073
11112
11283
7818
7035
10903
10875
6030
7328
10420
6866
5003
6240
6061
9198
6798
7919
6895
6813
11384
6613
19604
19225
14339
19421
12714
10415
13215
24489
15550
21927
18178
11974
8485
10502
6498
17265
9484
11816
8336
6825
7333
6349
11222
13892
13788
10314
9238
15155
10813
10064
12020
8971
8035
9846
10821
19582
6953
18881
23906
15194
13472
10754
11314
22921
12468
12980
18149
13001
12414
33839
27940
25743
31351
28985
21185
36972
38810
22578
30721
15033
28151
17538
18591
13777
24251
29991
24017
20809
18085
13235
11156
12751
6243
12647
25093
17413
20997
15233
18650
6931
19142
12944
15461
12093
17820
9991
15520
18765
9182
14167
12146
13077
6501
9323
12889
8536
16603
9517
12011
10396
9752
6696
11101
8171
10544
9137
9953
15486
18809
11029
9542
16516
6482
8360
13441
5973
12163
6118
8582
10507
6318
11160
9036
11245
6751
9733
19887
16130
21112
7026
8243
13251
25375
29376
8880
12458
11519
16168
11710
13055
8614
12663
17031
12489
14921
13896
9287
11189
9084
9110
17085
12704
7720
5411
10802
7831
9147
7376
6359
11212
12332
8023
14132
16365
12108
10847
8680
8972
10874
12997
11861
8883
13663
7366
11556
9658
10124
5079
9410
5968
9431
6293
6333
5665
8352
7256
11432
9661
8701
7914
13374
6143
4513
6695
14651
9985
5447
10955
6990
8007
7612
7163
8112
7430
5374
8068
7576
4855
9426
6766
9432
8631
5680
10450
5478
9309
10175
14080
5993
7384
6526
7723
6367
10816
10992
9690
11938
9737
11754
7478
11761
18780
7917
10511
8003
9721
7371
12631
10034
15584
9925
12111
15637
10638
8601
6082
10925
9331
8972
8380
7988
10567
10516
11569
14726
7078
12903
9083
13204
12538
9200
7061
7942
6389
11203
19147
7472
9367
8399
10953
8632
12646
7738
10128
10692
16072
8441
12174
10633
8550
10730
25195
18638
22048
10489
21169
17229
16731
14180
10509
15794
14167
23005
9211
8386
23336
17515
13184
9663
14522
13238
20041
9494
16438
14240
17568
8257
11647
7658
11805
6618
20611
11236
15891
10715
14445
14665
13823
15517
12462
11712
10456
7236
11327
6667
11876
9721
11177
14145
15261
14778
13644
11653
17341
7090
17445
15583
15152
21762
9800
16333
8266
9242
11323
9644
7751
8008
9260
5634
7342
10344
8402
6593
7293
6014
10377
5795
8697
5022
23415
23295
9304
20579
11939
21281
31670
21112
12373
11079
15304
14369
12471
11763
7961
13986
9604
16804
8728
10433
5606
9669
5774
8207
8046
5327
11506
8695
10382
7332
18762
14555
8417
8891
14807
10886
7920
12658
11665
10071
19287
8080
16572
13022
10181
12403
16751
6455
21862
13028
19106
17985
21556
11067
23346
7576
13418
11775
7382
8812
7887
12216
11134
17320
7241
17753
9433
16831
10380
9043
7306
9888
7343
9546
9802
8925
8122
12145
9527
7578
14756
5841
7267
5890
15982
8624
9656
6900
7897
10074
9369
8603
8407
7829
13654
13873
12350
9031
13009
8717
8245
14273
10875
10364
11062
10500
11019
14282
13120
7502
13517
11794
8003
17740
10952
9631
13693
17564
14994
14233
17321
11796
13255
27166
16734
42865
40971
37042
16895
14841
34935
33512
40542
18045
8928
20098
10685
35409
9469
13342
8687
11023
11010
9298
31016
13631
6813
8416
5847
14934
17901
7116
9247
15431
10212
9044
15426
7644
12272
15132
13496
11671
10888
13030
24307
15371
10448
14879
10037
14594
15418
12109
11215
9236
16326
12470
16464
15063
19289
18375
13115
25228
16207
16992
18577
8618
19016
26655
25776
13703
22166
18303
10399
8739
22232
12356
13010
19019
19042
12935
17343
13810
8237
25162
9440
15728
15014
10560
29054
32229
44333
22612
29174
18012
15044
24692
11377
19350
12795
10927
10724
10970
9068
15893
14721
9248
16997
25408
33815
29887
20067
29234
19037
25068
22919
19666
31125
11372
13384
19692
24397
14538
18320
21273
15903
16514
8728
12391
14265
9169
12026
8265
14701
9601
9673
10487
11082
13104
7082
14044
13409
7994
12528
9102
8014
11610
21194
26066
23389
19553
35907
18085
22404
12907
11563
18193
22646
7450
9282
25492
13745
13722
22519
17379
14251
14657
18191
11027
19086
28823
16697
17354
13406
18579
14318
15203
13146
16287
7276
11177
14429
8212
13123
42929
22701
18771
13569
15823
18085
16207
11520
8832
19206
14156
12700
20539
14432
10333
10344
14920
9473
22046
19906
8973
11496
8226
6178
9857
6005
12010
4767
6797
5962
9973
52396
21037
15140
37628
12374
12099
6461
11422
8605
18521
21379
8287
8541
8770
7691
23464
13645
8628
7943
14547
12990
4036
6908
21881
6538
8182
6480
7792
9801
6095
8694
6713
12181
8131
10350
7572
5715
7866
6745
9325
9816
9164
10237
6690
8241
7903
10555
9230
12833
7901
9976
7243
7921
7901
12815
7737
6095
6343
6165
8405
4586
7028
5123
8517
6751
6832
7273
9112
8035
9823
8306
8850
8664
13524
8669
12777
10740
8040
10888
10285
9085
11259
6058
13625
12143
8196
13047
11896
15774
10879
9306
7905
7979
15374
8737
12078
8726
8790
13467
10730
7414
6140
8697
10752
9265
8474
7172
10942
7384
7805
13531
7718
11833
25422
21783
7903
7714
16686
9466
8918
17588
24222
10153
15831
15346
11620
13570
10251
8647
11171
7887
18139
17130
11495
10215
28191
25887
23786
13779
8486
23971
14262
9626
16746
8701
21890
13950
9313
10534
6684
9201
9449
8061
11766
11895
9074
7494
9499
8803
6865
5917
7337
9129
13122
11089
9445
12637
6140
8622
11524
5386
6383
15955
8019
10297
6556
7438
9936
9607
12999
15425
11819
11013
7076
10005
14776
9111
7428
5308
6809
7972
8557
7890
9706
6479
10503
9253
7889
11877
7238
8374
8147
10065
9719
9799
6847
8549
7964
7532
6233
5330
7611
9582
6502
7003
10112
8955
7197
5456
6686
8995
5306
8596
5080
21859
22724
10698
13412
15054
14994
12289
8695
12518
19809
17310
14030
11347
12014
8187
17133
20118
14317
14571
13572
13732
11099
15423
9397
12901
8434
12108
9450
11626
9973
7711
9553
8307
9564
8317
10840
8095
11608
15680
10244
16436
6725
13179
12015
9674
19450
11649
8166
11373
8523
6107
10008
7946
12364
6734
13799
7561
12483
6769
5607
7335
8655
6939
5175
10842
7932
7277
9037
7026
5646
6378
6461
14322
14087
12412
8011
10348
8823
6958
9536
9731
7774
17349
8240
8816
8427
15181
8229
12682
10866
10029
12250
20298
18471
24238
10900
9474
25804
6897
11912
6513
8125
5843
9644
10073
8252
9787
6935
9295
15290
11119
9493
9144
13530
8683
6003
8532
6146
10680
11395
9803
6269
5927
13635
8247
10897
5737
8028
6001
8103
6205
9711
6410
7692
7707
8132
14446
10014
7914
9381
8002
13510
9709
13383
6545
8514
7192
13194
7462
6333
7016
9222
9727
7322
9839
13967
8791
9623
12826
7173
6897
5561
7689
10098
8105
9221
7384
8965
7530
7718
7204
7120
4321
8877
10573
7420
24450
28521
25801
28601
7197
5872
5010
5198
5417
10006
8207
9304
12405
8835
6771
9935
7642
10497
10343
6736
6502
11799
15571
7816
12718
8844
7491
11158
8095
10172
6237
12391
18627
16254
19907
9494
8635
11686
13951
13554
8399
11526
7463
10695
8692
8281
8165
11196
8966
7639
9986
10033
11307
10076
8039
7679
5468
9514
7980
7259
7815
9062
7516
15767
5941
5106
10508
6376
8670
6439
5526
8700
9190
5518
10340
8819
6613
11325
11087
6990
9721
11665
10051
6824
8251
8113
5259
9077
15030
13827
7631
9389
6225
7271
10992
6223
13143
10572
6858
9389
10324
9408
7432
8478
5831
8476
8293
5841
7565
7065
10738
7914
5946
6079
7425
9092
6617
8446
5318
9238
5708
5715
6723
8977
13232
7252
6452
9340
14890
11488
5798
11971
10004
9458
15851
7889
6094
6764
8704
6710
9695
7880
7308
10967
8508
15046
16739
17214
15408
11848
14723
14056
8582
15450
15029
14156
9737
7715
13220
10838
10251
7880
8744
9361
8292
10389
7917
10799
14995
7975
12266
13376
10568
10823
7760
8474
7160
7516
11036
16025
12066
24132
20795
22714
15082
18390
19022
7521
22752
11067
5962
14691
10152
21145
24360
26563
16862
17262
21567
19062
33742
13563
11939
12542
15067
11694
8384
18369
24023
17114
21520
12312
14976
10747
18167
15976
14720
18433
12553
11219
10354
14886
9436
10796
10091
8478
13731
12967
14556
10643
12497
6776
13175
11916
11986
6891
7326
11305
10686
13840
7841
10889
16996
12884
8990
8351
14418
12654
9774
10190
12786
9018
7973
8523
7428
7047
9346
6892
8067
6284
5602
6276
9881
6682
6400
6240
7947
12581
10939
5930
9449
11030
10277
15504
8440
12692
9677
8080
8348
9878
7269
9175
11575
8834
11586
9599
13674
10805
7584
9079
14647
11102
8295
8673
14235
8439
9250
12948
16122
8975
7388
9437
10275
8175
6067
8528
7530
6305
6808
6108
5883
8759
7439
6748
6703
7801
9043
9788
7964
10877
13322
9060
13661
5970
11923
9311
9744
8187
8378
6558
10548
8880
17436
10850
14523
11598
6829
10835
8518
16543
11076
9767
7757
7316
6375
5515
7925
6675
6079
6280
7328
5444
6038
5165
6973
8012
5454
10456
9863
11089
9035
6091
8236
5458
5477
8082
6716
4362
9228
5040
7240
4814
8684
7230
6166
6719
5968
12159
7340
6758
6087
8803
17838
14069
20792
8698
11515
23509
12197
10798
7028
8801
7495
11700
9292
6684
8079
7987
6591
10534
6375
11551
10567
9749
8445
5357
6429
4396
6932
6545
3672
5763
4529
5612
7979
8175
15216
12087
14088
12034
13240
6288
8756
9075
7415
9719
9080
7324
8189
9188
7877
15351
7086
11864
5538
10026
5102
10431
6503
11169
12670
12181
16444
9515
8342
6575
5774
13908
8274
7110
5800
8295
11862
5392
10370
7886
8646
9583
7671
5915
10299
6874
8517
14392
6880
8850
9983
12370
8058
8538
13249
9483
8418
5252
7176
8627
5471
6110
6567
5588
8394
23721
20623
28396
11878
22276
27119
6041
9372
15509
13649
21180
16063
11306
15605
20235
7710
11211
6929
19434
8839
14736
10886
23171
16991
16319
20343
24354
10723
20010
12466
16168
12810
19881
9183
13040
16640
14114
11529
10293
22906
15494
17579
14509
21558
12560
13631
11344
26679
37847
19160
11331
17278
16634
17785
21590
17820
14810
12977
10733
15807
11395
8508
31622
13052
14465
17368
10756
12691
25693
17411
13629
11313
7525
15590
13487
11654
10958
9502
14079
13116
28014
8005
21196
32199
32602
22348
18871
35246
21783
39146
14586
14913
13026
36807
6955
8875
36942
9083
19824
10064
9252
29935
8111
25102
24504
17054
21526
19453
11080
26343
24263
15905
17526
27469
26350
25729
16262
8116
18607
10773
14794
42898
31682
29720
38265
18314
40375
29286
10367
7424
23677
9838
15593
36344
9015
8888
29335
26745
25581
12108
12928
18311
13529
27676
23169
21896
8262
20966
11644
24907
10465
15014
12052
15729
13055
10153
12301
19497
31322
13294
20173
14436
18991
20994
15301
20388
8836
14655
10900
20390
16614
6691
10452
9562
10760
6082
10031
7522
10695
7206
9307
8210
6957
10393
10335
9109
5388
6074
8011
6569
9017
8745
8211
9082
11240
9063
9634
12995
9058
11162
20020
12702
10795
8826
14934
13016
7703
13281
10885
7259
7602
12723
9560
6510
10254
8648
7611
7355
6584
6139
10994
6897
6719
9748
12371
6805
11239
11176
9333
14353
11804
5989
8032
9878
16050
6724
8132
14657
10682
8389
16448
15548
19706
13622
23262
13993
21321
7431
7943
12362
25552
6129
20982
19789
21711
27515
43276
38495
26943
21016
10469
9487
20944
20507
19020
23150
13648
13523
14453
14664
10340
29019
16049
10652
15037
11999
6122
10687
9567
8677
8156
9984
8064
10373
9927
6995
9308
8978
7119
5915
10713
8875
7280
11440
9253
7674
11425
7468
8044
11190
9405
8474
13399
10908
10979
8695
5876
13213
5685
10854
9058
7951
10256
7290
9233
8205
5776
11556
11860
6334
8746
7101
15975
19780
17155
7936
6597
22849
7637
7709
14179
12272
7256
6513
8754
7628
9062
6639
8380
12185
9480
9886
14929
14350
8278
5296
6712
9546
6363
9126
8427
5951
8287
12091
9514
7479
8471
9759
8318
8522
11465
14266
8386
8356
12347
9483
9600
7608
5973
10738
6308
8044
9437
8619
8930
5898
10187
5384
9590
6975
6467
9812
8581
8113
6943
11553
8344
7002
9752
8016
6166
8765
8256
6959
10762
4352
6747
5791
7742
7343
9592
9193
8074
6371
5115
6490
6840
7447
7351
5597
4984
10870
7532
8016
7076
10520
5039
7826
6484
6366
7931
7231
10766
7249
4914
7288
7163
10105
8775
6728
6888
7521
6267
12252
6722
5821
9558
7974
5043
6688
5799
6097
10086
6628
9327
15684
18735
16260
19307
10944
7744
6078
15063
8176
12894
8817
11605
10556
6433
10993
9145
8792
5587
6964
5144
6566
6359
7775
9267
5807
8490
6520
6937
7800
5582
7991
6359
7180
10731
6120
9924
6355
5511
5265
7997
7269
8950
7283
12465
9068
9127
7546
6329
10465
6668
8762
10018
8454
11241
12885
9483
8595
9943
7495
10681
7537
7060
14325
11178
13351
11423
5695
6884
6673
9530
18050
7167
5916
5733
5019
7759
10321
12955
9621
9539
11575
7000
9130
6553
7880
7120
17853
13206
7198
11756
15217
8247
10483
13219
8974
11512
7459
6871
8435
12255
11770
8052
5179
6523
8734
7309
8266
9903
9276
7347
9652
7078
11755
7840
5966
12898
13371
9499
11825
9741
4963
7867
17746
6293
9255
5271
9434
10845
8164
9185
7491
16141
9085
14649
11852
11569
10950
14785
13443
8822
12809
9734
7004
13592
17748
12067
8070
7048
8520
6525
11508
9349
9892
12651
10464
8695
5980
8179
7946
14003
10155
7858
7433
8669
6235
5728
6322
8271
7346
12315
9438
5374
7889
7825
7079
6166
9732
8088
5420
10865
5550
13819
9945
6558
5240
7623
5293
6224
6999
6335
6072
6232
8489
9373
7207
6400
6780
5534
8116
6878
8381
11930
8147
10380
7671
6851
7368
7330
9900
17539
8014
11267
10417
7090
11600
14477
7897
12662
11772
12594
6702
5704
5467
8411
6313
7922
7892
22854
19923
6599
18871
20688
23198
9519
11290
8824
14078
7295
9452
17723
12410
14135
9720
11847
16947
14901
13032
11706
9256
10122
18927
13412
17405
16731
10096
13285
12067
11824
9768
8737
13738
9479
10351
12765
12015
25182
21423
21572
6477
8901
12604
22787
25025
29309
21895
16888
6466
18064
36700
11019
10525
19339
17587
16462
12411
34232
10213
21736
7347
17272
14286
20309
14730
12997
10852
7147
10477
21292
8682
10555
8852
17475
13905
24133
24831
12817
28134
18116
10551
12846
14347
12611
11303
14952
11992
10741
7248
16751
6082
10879
8979
10370
24696
15804
15099
13650
11850
10126
15111
9520
13285
10306
9612
18989
11854
9817
19905
16398
7654
21965
11600
11832
10058
20197
22378
16605
17749
20616
23152
25504
10518
24790
11418
15471
7729
9410
22103
7099
14606
6796
11175
25754
19951
17398
18489
20026
18240
10825
12261
7522
18751
8554
17277
7221
30315
28211
25977
24686
47942
54983
35975
48688
37244
30295
55160
36849
29648
41817
39924
26607
58888
30937
34334
37513
27166
28522
24084
14881
28365
24323
11642
13843
11611
19368
8959
11276
8105
14289
6892
10277
8169
40546
12511
7556
9669
6122
7774
10758
20731
9500
20060
11686
14918
20636
12641
18937
8344
13380
7393
12921
22944
15468
20268
14397
12634
9086
12689
17354
11756
15658
7800
14832
13221
10695
7711
6947
8863
14225
18938
21847
22204
21738
8109
10953
15150
15834
19435
8464
7249
7877
16730
17384
16896
12511
9074
8731
11215
7270
8340
10663
13794
13234
7426
14397
9933
9357
14283
23221
9505
7761
11918
14893
9464
7423
12111
9940
8909
7091
9852
6599
7381
8467
6000
9506
8230
5745
6132
7254
6226
5587
5127
7811
9284
7621
5625
9980
9597
8195
8042
6008
5965
11682
10745
9274
7379
11871
8784
6678
11195
10200
6906
9174
7970
10889
6806
12864
11846
16291
13835
12234
13181
12664
12324
12280
15896
18560
10736
14884
15042
13592
14297
15429
9279
12109
15388
10224
11323
15528
18990
17299
19235
21586
17718
13569
23926
12118
15809
16341
16565
9683
12540
8850
11075
9124
7292
7058
5343
6702
20495
19726
7214
24168
16838
14068
6388
27247
11348
13882
9984
14554
9345
11069
9333
6212
8982
6729
14217
7166
6057
5436
7352
5919
11093
7581
10626
6634
9684
9625
8095
8770
19886
8286
10404
16917
11595
12739
9105
15136
12046
11150
7346
21399
17316
9485
22660
20674
28968
16965
18298
16840
13051
18310
23821
25707
18351
29183
16137
26638
20368
13426
17478
10870
15123
13300
21914
15144
10421
19467
10173
20565
12960
9864
15187
12169
13606
8134
7312
12985
19177
11259
7954
7867
11417
13530
9037
13809
6893
14922
13480
11677
8065
10018
12327
7750
6154
9335
11405
8269
7287
11679
8061
7097
6079
10231
12312
9140
21788
17850
17980
19049
20888
11979
9924
34863
14954
28842
15747
7913
18972
12631
21655
17903
10669
8188
12185
10156
14714
12717
9095
14185
8849
12289
6684
13194
15252
17390
9955
9971
9327
18504
13309
9098
12936
13215
11116
7015
10479
9997
9644
11675
6944
9649
7746
6147
10884
5634
5410
11434
7581
5668
6760
5184
6809
6391
6634
7484
5669
5691
8639
10370
11577
14602
20482
13139
12050
8097
9563
10191
6282
9294
6909
10224
6444
18550
27792
11292
26932
17891
11931
8620
10625
16322
22808
18975
26432
25159
11014
9405
10821
10173
15977
9364
11893
6077
6919
9894
14789
6691
6086
4989
9836
7975
5465
8438
6354
6500
9053
9023
11352
5775
7957
5982
5900
5698
6332
8902
7698
10996
8892
10323
6975
8569
9974
17064
13098
7174
4118
8208
4716
5346
8907
8309
5303
6535
10184
8755
8592
8144
8408
10274
10675
9431
11593
12063
15987
8392
22650
10293
15527
8343
10929
13600
9554
10157
9571
12818
10811
10049
8590
9208
6748
11920
26206
27408
23654
8606
10288
15685
10181
11868
14103
8175
6574
7870
10413
6607
15440
7315
6157
9543
7277
8969
8231
6312
7656
4624
5122
5483
5237
6002
6325
9390
8109
9065
10583
10174
8556
11849
6754
8051
7383
6989
5682
7609
5872
6313
5900
5540
5313
7055
14572
5826
7338
18471
18204
20769
9395
12618
28734
12851
18388
16201
13070
33420
9657
9116
12832
6285
9479
5758
12936
10475
11065
11008
14768
6919
9368
9231
8183
5017
7672
5080
10320
8562
31670
23182
13848
26158
30672
22694
9560
29905
14443
19760
14106
29896
31806
15257
11938
19744
22993
10898
13825
27483
13883
13711
20556
5080
14419
13933
15139
12082
11243
9760
14022
8717
9843
5845
7365
13951
7805
6984
6755
8317
6929
5810
8873
11076
6624
10597
7387
7172
5311
6165
7654
5387
9797
10075
9229
15212
14748
8509
7084
5663
11543
6395
9461
12605
10278
12795
9133
7277
10528
9915
11454
9447
9669
13949
8057
7829
5820
9488
8523
6361
7955
8190
6889
5879
5316
14250
7686
12265
8002
6301
8818
14818
9376
5421
7269
14261
13800
13090
12348
17367
12004
10050
12230
7359
5502
10685
7071
21418
15644
19013
21277
23923
12220
14630
4996
8082
16325
11701
10420
9554
6735
8685
6987
11426
7426
9422
9031
5416
4825
9603
5462
10515
12621
9392
7816
16247
11428
10403
9107
12397
6790
9268
11249
7774
7344
10583
6624
5318
8404
14137
17305
6426
9576
16029
9516
15496
5544
8427
12303
7877
11422
13419
11894
8677
10755
7920
11770
10173
6943
10968
7963
6903
11280
8743
17569
11707
13711
15442
9490
8330
9115
8333
7057
4401
7992
10997
12212
7377
9506
11692
9176
6242
8497
7881
8919
11970
8554
7481
20472
9937
24034
26082
13488
14354
12745
10118
9023
7711
10815
11986
39717
16935
15031
9936
8879
9465
13460
8296
9396
23703
8344
13600
12897
12780
6879
12593
7763
9964
9174
7113
5204
12777
8203
10866
11354
16948
19155
18018
16210
17024
8000
15788
7620
13040
12993
6458
8498
10256
13960
6357
11730
11598
11742
12632
12111
16880
20072
11683
8146
8878
8145
12361
6975
6915
8670
7669
11959
9230
17649
11330
15419
7827
9963
7784
11587
6624
14770
12453
11450
12067
15436
16424
9715
12615
16364
10959
9017
10447
8688
32123
37200
23448
38864
36282
12605
27104
22856
15737
20980
21992
19969
13932
12545
24603
19339
44407
20121
9482
17090
12413
15603
11877
16674
18699
19083
13799
11715
7930
23586
15876
14849
10629
12909
8965
11336
12428
11655
11234
7852
13328
11088
9411
7843
7568
6341
5411
7780
6650
15402
6435
10333
10656
9796
10479
9206
7270
7985
10327
10513
6544
9594
8136
7188
8284
7710
5928
19774
24218
22526
29148
20190
21883
13897
21081
21092
29548
18112
20675
14624
16472
12123
30389
16007
13717
13214
6661
8864
11433
41384
16653
14784
9892
24358
13587
11101
17534
22978
30433
10724
8958
11142
15171
13964
12308
20952
20981
12139
12435
18685
14838
8476
6854
12606
10956
10561
11084
9383
14112
6141
12364
9002
8926
19911
14455
20894
16423
13145
24438
20310
8782
18198
20766
9302
7093
17368
9595
11864
25493
11415
11920
11871
47202
23815
31965
20418
14770
18254
27145
19918
18530
11740
13430
17355
18010
13980
16183
15117
9190
16352
13567
14027
11209
8331
15283
38537
19788
16370
17220
31510
29171
36243
13363
33207
40487
41632
26252
16375
26687
38238
41943
16353
19433
23761
25697
26425
22258
50228
31121
11808
55884
16124
48012
19992
5427
18378
29856
19374
29260
12852
7162
9042
17251
22303
9695
9396
29580
25650
46376
13034
15665
17725
14323
14034
12176
11923
10846
8751
7454
11971
11098
6404
7882
11058
6666
10276
9768
9373
7546
11478
10541
7078
7357
5421
5133
4289
6185
8542
6047
6709
4898
7479
7086
5746
5314
6181
6649
6420
4820
5111
9720
8291
6987
10463
16457
7152
11550
4774
10459
8511
6869
5165
7995
7210
7712
9255
9123
13177
11641
15261
7787
9186
18110
10998
6111
9575
7504
13692
15124
5997
9011
10480
8168
9454
7961
8051
10240
5102
6955
6490
22951
25002
26272
25941
38520
16556
26809
11315
28599
25141
21921
15669
27885
23163
15335
17897
36781
31878
27294
39298
17397
18231
14006
38079
17878
26811
8566
19167
42116
21133
11474
23318
16974
14802
21481
28329
12135
18936
16938
24476
21837
16101
12013
8484
14320
10219
22897
24177
15683
22500
9490
6331
21436
21387
13026
13887
6785
13865
12144
11781
19300
19568
7711
12226
17415
19712
13008
16983
23634
13736
14698
14225
6890
18332
13488
21485
11938
9985
9090
15701
9177
12256
15780
12821
12085
8565
11170
12060
11077
9385
13056
10820
12907
9639
7919
7105
8995
13230
10521
13628
12383
8858
16505
10194
8158
21722
13980
10426
12367
11534
7947
8029
6130
14963
10565
7308
20923
14707
9641
19273
25589
21578
19739
30805
27438
11831
7542
12082
10268
15729
8567
9962
11747
7218
8150
13018
9971
7577
7137
10921
13018
10487
16947
7981
14282
7440
8002
13829
11172
12881
6079
13361
12787
14675
7825
10459
12388
7092
9327
7850
9411
10940
13225
10403
14598
16240
12708
10816
16942
15518
18387
11618
14633
12562
19282
9575
8410
11006
5681
9027
6913
12597
10717
15497
14581
17618
12761
12661
11377
8644
12846
8120
7904
7292
6024
10087
8371
6689
7769
9279
12744
5950
11200
5903
12356
9381
7921
6194
5958
8232
12573
13538
5450
16025
10477
12449
8796
13305
7429
12681
7545
12664
13082
8450
11673
8367
15123
12108
15289
13108
14586
11025
24092
24685
48389
33899
34613
7697
36291
38696
32107
30172
56460
40549
76755
39194
85734
28751
30694
34917
33068
36819
44861
81124
20396
21787
22077
31781
13596
8352
9027
23757
50195
34784
48060
12186
73708
17097
14126
11786
14998
48250
40084
8146
22805
10490
9212
18385
22560
31786
24659
9155
26553
10255
29875
20826
29949
27695
32755
9414
34993
17427
38477
25019
24971
9685
15487
12952
14480
37852
27118
30201
20038
37985
33899
33261
21232
13398
20210
22662
41673
34163
13272
29616
16328
19412
26896
22872
24851
30759
31394
17573
39550
29832
39793
43002
38400
66574
42954
41041
27898
50613
53242
16913
34667
32509
36404
62841
17111
41029
69514
50138
37858
66064
16222
11671
23227
10524
9706
11776
20447
20834
18099
28294
36494
29878
25749
10335
23273
10722
23154
10063
14035
46899
15748
24556
12694
19873
22559
21474
17775
44000
22377
21494
30078
29663
18970
20060
28928
54342
13697
45169
32080
26569
21618
23812
18024
14363
15512
11915
18344
10610
20914
9270
18033
11604
17356
15971
15497
12876
14995
23106
26815
14464
17361
14206
22079
20785
14366
15085
11942
14144
17007
13403
13022
8827
14652
34117
9142
29794
8652
20220
15698
16255
6602
11066
11837
10389
14839
28720
7515
15800
11452
15901
18121
23074
24506
28682
33040
27463
27926
26889
44321
27491
8965
26659
17504
38477
31840
32515
26145
15132
57323
18519
15695
38863
19428
32856
39856
13643
41957
57124
16625
19712
14635
14143
11462
28293
12848
11527
6123
10518
7426
17782
12355
10209
36603
9398
13349
9966
7552
7440
11023
8099
6604
10567
7247
7484
9675
8813
6480
15988
8259
6807
9094
5663
11637
8861
9918
6476
15717
9767
11730
13217
5285
11741
10547
10488
6471
5249
8133
16652
11488
13134
11392
9618
24479
36246
31742
32593
15788
28965
28924
19356
21605
39492
13712
22060
49996
19979
8480
17741
24066
6713
14903
9337
13325
17744
13065
9021
9762
7697
12220
12062
8517
14948
11426
17507
6957
11100
15601
11320
7521
6034
12647
9005
7241
11839
9210
6488
12751
9314
9696
17490
7917
8633
11028
16360
15953
16136
11643
15798
10204
11086
14574
18963
11115
10558
9380
18779
18187
6058
13687
18775
9631
12077
15119
21945
17505
8203
4470
8878
18055
6446
8259
11488
7752
6679
6996
11234
5520
8843
7437
6305
7730
6308
10225
7472
9212
12743
10453
11616
8129
9956
11392
8905
7355
10258
10113
8997
6773
10126
6599
7512
15224
6901
22084
7778
22901
6388
9906
9836
4330
6949
13868
7891
9520
10310
6408
7559
8663
8580
6283
13147
7160
9573
8474
10111
13868
8651
7461
13373
11963
11749
7817
10115
7013
9735
10561
8960
5825
10437
7664
6322
6604
8868
5237
5693
4175
5514
7542
10893
8734
6067
9180
6151
8237
4211
9298
4156
5248
5793
5482
10155
7628
8434
11135
6744
12064
5018
15608
12758
7409
11391
9575
14771
10851
14332
9523
26065
11019
19851
8011
14547
6996
6239
8809
13255
12123
7878
9340
6179
10522
10040
20509
6915
10631
11601
9204
15913
12684
11255
11497
12905
27663
21270
10790
7817
15761
13703
23187
25137
9389
11520
8080
6766
10078
16474
33432
15718
15395
11277
12727
8754
10813
14891
13607
21484
20906
24055
9612
9799
22408
10266
10150
9277
5979
14590
11588
14414
10145
13820
16008
42200
65137
30241
13974
30419
16757
14272
10044
10159
22907
37232
42237
36195
40525
34823
8928
44263
40308
11583
12812
45851
15145
16414
11584
9855
25032
11457
20702
25543
32822
25809
36853
18406
26416
19897
22907
25251
41299
31275
17958
17397
16462
12128
19511
18158
16659
27618
11960
14038
9781
9753
13553
17150
13270
11245
7352
9797
12635
15855
13817
7399
11068
15262
11533
8042
21427
8197
6369
6536
7453
7081
6062
8473
6016
6652
5919
7585
10992
6851
7019
8782
9520
13668
8958
13193
11143
13303
10525
22798
21271
20032
19106
11717
23493
14122
10439
23462
25229
19808
13447
16992
7971
29865
17647
29090
18757
28874
25700
21648
15001
8930
11705
10042
9372
8845
6602
11093
9939
16890
8302
14348
13966
8884
11255
9697
17918
10358
18192
39485
6860
13700
10141
20133
7757
13258
7427
13626
10751
8788
9503
15336
8126
10265
6495
16962
22769
35067
26488
30882
27510
15430
25899
17122
19329
12794
26641
18261
40749
24825
30715
16706
21916
17258
9195
11127
15196
28182
14446
9933
17046
14752
24350
13181
15029
21711
15335
15241
16486
15871
11128
18751
9536
15821
13936
39331
25151
29921
41740
24095
28447
10900
17947
33028
9772
11235
17389
22254
12320
11826
13942
12660
13425
10701
9026
16115
10161
22421
10784
20021
11619
9660
13777
12444
14187
30410
13999
20006
19889
13820
14505
16876
8464
22521
20802
19105
17198
17684
13459
40104
18496
24083
21735
20023
12619
13891
22644
20700
14345
17139
12745
20985
11595
7761
12504
18406
16520
26893
22103
15604
14764
14541
7956
6062
13806
8855
7741
11986
10123
9863
8991
12811
10034
14722
15047
7435
17604
9896
10998
6363
14482
9048
9741
6665
7311
9562
8355
8918
9683
9578
5904
7674
21413
10233
8441
12904
20650
10857
14783
13173
12075
9865
13328
9448
7175
9377
15101
23731
18350
35047
26866
24758
21619
24013
15333
14280
15773
16607
10663
20533
15016
19649
19188
13207
21207
13610
16843
9843
12112
12738
13106
8937
12599
11147
10210
7451
12148
11023
6943
9352
22937
17553
15893
7619
15603
12122
10310
7377
8375
13119
12521
9703
14182
13751
18229
11884
16446
8837
11107
6116
19034
7066
15350
11656
9713
18449
14657
17093
10733
12898
16092
21154
14796
13253
21998
18816
37828
18319
20137
17076
10091
9858
9492
14821
9275
10771
7968
7177
9984
6842
7457
12819
7397
6334
11453
10440
8297
6251
8020
17467
11432
15832
10296
8877
19338
15968
26422
11167
11599
9152
12619
32039
12696
8175
6478
16338
10165
7805
18752
12961
11560
13759
10475
14806
14413
10870
11342
13418
22746
13917
9826
7991
15326
15731
16833
12005
9630
18416
13350
20824
15628
22670
14152
17636
11432
12358
13676
9188
9206
5996
10873
11534
7573
25153
20406
13922
16906
20017
23853
31225
16475
12727
13937
14272
8774
19805
6656
10563
10566
12911
15117
22726
12073
12599
16351
14151
8546
13450
6003
13335
8760
8845
8957
13003
11058
16346
18451
20819
22760
30342
24297
28207
10656
13298
20982
23364
18324
22883
34877
14512
24885
28766
22243
19074
55203
34619
16605
11105
18901
10489
17958
26520
37559
31774
41587
21789
23784
26449
12695
28702
26390
32553
27003
41589
38101
37577
31333
10088
11608
20326
23488
37658
19545
18698
13448
17625
15420
15787
10027
8330
10644
18901
11286
39277
15800
28593
15537
37088
38322
34382
32910
18105
32816
21459
19516
8218
14725
16478
29197
25786
28391
20686
16425
18972
19565
19025
12653
22519
16709
19916
29516
14636
19163
22867
28000
33278
24569
33586
20810
28523
52692
17887
23057
27583
36273
46315
37029
55289
15304
29773
21043
18492
29415
28556
13820
16812
28425
17126
16840
13559
32139
20311
6988
9403
10864
7350
11118
13071
7227
8851
8738
12501
9602
10219
16119
7685
14722
9124
8698
10153
11245
13811
4858
10804
8130
10549
11215
13384
9652
8805
21845
10873
10127
7208
10073
8806
9704
4521
9896
7970
14384
6622
5283
13295
9067
10940
8283
9588
7027
10643
7361
7044
7505
7187
6510
14356
5456
7685
12032
11484
11330
8106
10305
12830
15079
11812
16401
12050
13633
10127
14062
15939
9285
16290
6721
11223
15793
11881
8243
17141
13707
11406
11283
8385
10552
6959
8918
11385
8947
7897
10456
7490
5844
9000
11101
7232
8710
7873
11530
9004
10597
9567
7350
11965
15714
13123
7502
13320
7731
8635
9957
28214
11942
15580
8531
11775
10171
9496
14417
9993
8891
9974
8062
7834
11082
17025
14609
13498
22024
16436
9169
12910
5188
26766
30679
43471
50542
35956
18196
50278
43981
21764
23285
21109
37841
27634
29526
53589
35545
9292
20554
32526
19733
44983
28990
40391
23030
25957
31761
36579
21018
20051
24791
27008
20265
11185
23279
12498
15944
15254
12264
14159
9215
12578
7384
7318
15266
8023
18731
17884
9648
12005
12798
12357
16579
29985
15649
28760
31565
39634
24178
20016
34464
25669
16131
34319
23925
19608
9438
17144
13737
23332
30890
26056
42429
24464
23364
20407
15367
19653
29846
21249
15474
55180
61771
35145
24646
15766
28317
28360
20722
14690
26638
19169
24339
13295
22202
15976
14933
29605
23587
26362
21963
26759
20640
23127
12557
16652
24661
12851
27336
24091
32099
26763
30905
31545
14039
15646
18018
39860
42938
36521
21274
65348
15874
28968
19884
32941
24006
29980
20804
27137
31730
27475
19908
14923
22997
16126
21803
30236
34319
31189
6161
13444
23780
15192
37656
12913
12003
39761
25825
33391
29763
23998
13079
34159
37068
13381
15308
21504
25552
20273
28070
21390
18788
11634
9783
9371
10056
14253
8910
10932
18991
12730
14173
22700
15225
17631
18394
9128
17434
12316
16571
24967
17519
26890
29621
45099
23500
22972
8342
12038
13402
11190
9961
9263
8097
11743
10027
12794
15382
14165
11680
11678
18202
13939
23074
17066
13059
19645
15459
19637
26365
16825
10368
21943
9907
8209
13623
9528
8639
14912
9656
8342
6196
9871
8435
11574
6847
6918
6506
11644
11846
7901
8569
6581
6105
10341
7724
5812
5682
7620
6449
9495
10380
11284
6901
15392
17759
11896
5982
13298
10893
7233
14394
7932
10389
10760
17562
14140
11851
16425
12372
15160
14507
25126
20737
27985
15733
17415
17752
14479
17157
10690
15013
12464
11118
9485
19357
12382
16752
9271
11446
14189
16261
13115
10524
12428
22366
8549
12996
19675
8340
13799
15987
30155
8162
9420
18138
13952
8484
15017
5572
13297
9039
16561
19557
14500
18950
11557
17191
14484
13367
19721
10365
12898
20209
21554
16785
14135
11239
10574
20774
23252
29952
24804
15688
23756
16064
20258
18361
13787
28509
43119
6715
25305
13045
15825
19569
17030
9402
10448
13182
15363
37502
10958
13487
12283
15099
14688
10420
11809
11295
9015
11700
28606
9813
17232
9475
10567
7194
10866
9165
11091
18368
6397
8102
11477
12964
5216
9627
8832
12720
16894
12203
20137
22759
13902
17312
7312
9331
4834
7051
15966
18777
22285
9864
14660
35988
16159
8278
22381
25381
13722
7912
10593
13912
8083
9878
12152
14152
29077
12468
13265
16236
19599
11775
17287
18567
21879
8228
6755
16086
13137
22970
12885
13972
18799
8998
17096
7635
12053
5446
35252
21320
13366
15251
11999
17426
14953
9775
12165
10462
9655
17215
7525
19384
12667
9242
11845
9578
16150
14312
9859
11892
8838
13103
11591
8858
9590
5800
9367
11391
7859
10682
9249
8929
9743
11223
10537
21749
11233
9448
11995
9373
7854
12003
10701
7609
6931
8934
13003
14966
7824
11303
6969
17284
15821
18832
7928
21563
8604
10171
6534
17617
6842
11310
19531
9058
12438
9241
8941
9019
11872
14835
11946
9990
14444
12551
8658
9753
13708
8507
13084
12173
8790
15477
11308
10976
8034
11948
12646
7742
5872
14089
11568
12507
10664
17003
14742
14512
9658
7497
10491
11585
10728
12591
13632
21117
13421
25014
34879
45908
58528
49712
48514
42627
45317
39411
41031
51095
25938
50190
24368
20523
14022
11522
20750
18866
16646
32933
29978
9924
18346
20948
15677
13059
9347
12939
11414
7922
25753
11101
8836
5244
11252
14993
10520
9033
15203
7216
12871
9873
11972
8007
11313
6541
9145
5832
8069
10095
7184
6175
11869
9602
13624
11045
8954
11154
9494
8220
7813
6397
5227
6482
8755
6500
9748
7486
9595
7831
9394
5817
9032
5911
11829
15415
13699
16465
12411
19337
14718
7182
12195
15073
16711
12156
14960
10991
22601
20631
14454
32708
32556
35789
40331
23097
18102
38555
31231
36566
36963
34464
34585
46548
46617
32903
47940
37636
60230
30531
46565
100850
57350
57842
46110
56410
18085
56719
19728
14029
53233
15927
13423
30975
15169
17758
17408
23678
14688
15361
23823
15373
10400
16737
14643
12216
10294
12665
23399
11812
19421
27770
16456
16151
23079
14931
19082
27237
11540
13498
33448
23858
20549
19366
10586
15409
20085
13045
9079
11646
25220
16333
32514
19284
15507
17831
20952
13462
25114
18044
36917
12992
19142
23717
20814
13798
14364
15753
7972
20200
16856
17976
16860
12314
16495
10147
15191
11789
13761
17942
18636
8741
7206
15823
20338
10855
23049
14291
12694
28558
21103
11874
6712
10569
12601
29221
12580
9780
11525
18076
8044
31984
16153
15403
18415
28389
38085
15610
12729
14975
34945
13961
15699
40109
6375
9026
12416
9466
15351
13877
13158
23351
12292
18433
15264
10187
12649
13224
9659
12658
12372
17905
10607
13098
11029
13919
15117
9954
14944
14056
10808
11517
11998
11249
9695
22543
12840
8411
7777
9733
11568
6835
14207
13144
7828
13849
12787
20026
25078
10997
15271
9822
14680
12221
7489
13937
9878
16200
19134
9586
13132
12520
10583
6879
9148
18149
17616
20740
14280
11219
25494
12125
22557
14722
19467
21423
10956
18586
14813
13885
20542
13866
17072
20752
15571
19646
15799
25825
14061
23819
15974
28113
25078
33323
52426
31929
39619
30883
20160
15187
18599
15601
26727
33787
24738
17622
19219
20113
16924
15587
22778
26695
32789
30388
33537
25956
11099
49402
19980
22681
20681
17032
29386
32825
15368
21221
15315
23207
30430
16731
15339
14256
15922
14223
8190
12429
12125
7109
11088
14862
31717
21113
20290
44269
50593
44098
51609
13242
54609
12943
11208
44641
46046
26180
66003
58296
6059
18147
18483
13422
12062
18021
19711
10417
13046
13941
10803
6854
11804
7002
6624
6992
12350
17370
5710
13979
15156
17811
7223
20514
16445
12193
12013
17569
25351
16937
12198
12635
19636
12017
19020
22974
29700
39381
25113
35657
27724
30074
51982
39231
37638
33710
40921
29662
60634
33076
24614
19065
23315
27520
29569
24555
17947
31828
40765
26121
12709
10483
30736
11049
20904
12451
18861
15730
14251
13544
34690
9231
8488
17108
6748
13182
22506
15871
17452
15015
13583
13703
11334
17972
13977
8768
25900
28029
14526
16777
13011
17495
16528
22219
22520
21147
17021
12913
20795
23614
11885
30111
18332
30500
37399
37125
43466
23043
6620
19043
27038
38496
24819
29019
15057
26513
20908
24439
13165
19306
16295
30771
17304
8497
13182
34464
25827
13765
23824
25565
15272
13562
15044
24042
28313
21584
24294
24161
12690
43431
18162
30332
38453
34760
40165
51053
36598
42987
34634
46426
31098
31697
35679
23274
39886
21816
49455
31749
45486
19495
56830
16375
17816
45742
24214
29971
34599
39572
15079
31488
21587
49237
28126
17592
23650
42101
14507
12569
19858
12180
22375
15863
27233
23622
15669
9452
10214
20402
15302
19463
12456
15291
7988
10239
16791
18457
17240
11921
16624
13292
13402
20355
11091
7133
12767
6942
12673
19266
13078
9125
10349
12520
10471
7549
21337
8614
11620
22147
15822
10315
15819
10966
9371
7923
14165
8990
13324
9858
6878
8687
9414
19207
12908
19083
9162
13425
7592
12426
10934
19492
9800
20599
15950
14834
16372
15537
13382
17838
20295
11978
15598
19624
15421
18659
12930
15600
16769
12507
13023
9195
13200
18376
17039
14123
11673
7518
16322
23609
17238
11760
19444
25178
14055
19585
17989
14595
19032
16948
16084
29222
23192
16204
10114
19444
33747
18633
27468
26992
16208
18307
22526
23609
20879
28569
7615
10150
13730
11948
9127
17061
11873
17306
11738
9903
15459
10342
15508
11361
7915
13545
12450
18507
14212
13709
11149
17566
19125
9540
12260
14474
12316
11645
11601
6595
19514
12261
14782
26529
14417
16396
26379
9921
8924
20801
9851
21454
16892
18548
19301
7783
10841
12918
11122
20218
12315
21612
13571
19964
18160
39452
16637
43467
38076
34385
40886
42878
17712
38330
15955
36437
26467
18657
28290
47145
46913
32087
32251
57356
44310
43117
13516
12398
17959
29470
16557
8467
21161
11920
9026
7475
6191
7380
8336
11594
10418
12746
10922
8843
16117
15300
13079
13287
6546
10973
14789
25732
9952
13391
13983
14617
20349
15401
14093
17498
10730
10252
17554
12791
23774
20242
10291
9293
10868
17002
10249
12541
13788
11519
7304
12437
10153
6779
11017
19036
15533
8970
7535
16285
9892
11015
8900
16851
14704
9633
21431
10925
10698
8324
11702
13283
22161
24308
13767
15797
16449
15769
31475
27809
39740
30954
23930
22410
20457
32336
30561
51238
24797
54298
44419
30613
26202
51805
41473
35105
18590
16438
24122
11614
34847
73914
30468
13186
12800
24575
11035
15959
27886
33455
30479
25570
32325
42832
13740
13286
25281
26413
7998
13726
20769
19126
11477
19722
14978
18312
13908
13808
14323
6928
11927
25739
7179
19060
14844
9024
8360
11726
13632
10013
20783
14450
19575
25645
21766
15400
22909
16672
15443
17620
25951
16793
10098
15792
36621
16807
28511
18777
23871
14791
24808
18662
31454
34210
27293
30356
18910
44005
10982
10511
17158
9422
17397
23863
19997
26206
23663
40335
27795
10643
22131
24420
18603
24536
19976
18214
11629
30876
14909
17377
14449
7835
15969
14162
12849
31580
10012
10918
11186
22705
12862
10724
18904
8950
34806
24697
36465
28483
28772
16622
15598
40021
14370
41026
26808
47061
35542
32311
33631
39573
40249
26700
57445
10247
30523
30448
31509
13726
50478
40935
45046
40444
51853
27167
54282
50260
29557
22882
27184
60239
36470
61331
31482
7971
37045
10903
13936
16136
10221
17787
11031
9028
16750
8694
14352
8256
17130
6659
10212
16827
6873
14214
14189
9106
14138
14528
9095
9294
8620
5039
7729
13409
7619
6893
12929
11330
17894
14056
9653
21623
12032
19151
12077
16378
8374
24991
33441
32394
5589
31811
22989
41910
20503
33338
27961
46601
28786
18610
35018
30625
15166
11361
23619
11511
29733
14303
8065
18572
11554
11942
11331
9309
10750
14705
7712
19696
28747
29180
19828
17063
26992
12086
15432
17412
13959
13677
13789
11648
11005
11957
10767
7974
12580
7095
22635
8143
6453
24266
10699
20831
15333
14956
20022
10226
12974
13184
8903
17579
11668
15711
9813
17767
21565
17673
15063
8130
20841
20389
14920
7100
17484
18746
10912
17940
21100
16291
39125
14462
30498
12905
21291
17701
10224
29977
18139
23626
13564
29973
17845
22561
34540
10618
27497
9668
36162
38015
19222
36088
17440
23198
9581
15918
22823
11048
15965
21540
21968
34691
16267
16037
27865
15280
9526
16274
11435
26333
9769
11436
21591
19806
12324
18601
7672
9761
11842
14158
11671
7948
8369
8986
10124
12661
6381
13101
15534
11931
10086
15947
13429
8390
7102
20048
9546
7878
9976
12605
13380
9715
15104
10572
10095
9759
9219
13500
8552
12725
15505
11271
7625
10337
8781
7062
14160
6565
6765
4937
7207
5615
6754
11208
4507
9009
22828
16469
17540
28993
18832
31591
17683
20688
17347
22597
24757
13707
23368
17320
21020
13437
27588
24068
12241
32423
26814
13507
20150
8519
12225
11196
12759
17612
30854
26283
22267
25710
22044
19851
21969
15513
18985
15305
13628
21531
11742
39696
18633
15155
17705
10750
14846
16906
9410
7969
13050
11936
21658
9302
7482
12176
5755
13407
12051
10508
4840
6912
5893
8001
11066
10209
8772
5221
7630
6794
5722
5014
4277
5606
5572
6579
5955
5506
11308
8504
7004
8187
6115
7001
19704
8666
5482
7337
7313
7628
5257
7225
11181
12593
6692
9595
10667
6469
16945
8069
7097
7672
4025
7438
4864
5488
6709
6856
7653
6188
6685
4476
7455
5229
5374
4915
4950
6161
10356
4577
8821
6968
5579
7131
9949
9795
9365
13481
8580
11391
10401
8105
10555
7905
8049
8282
9442
9109
8118
6919
17056
10177
12111
16513
38242
20009
21944
25259
13371
25226
9730
13999
14050
19690
8444
18645
8714
8020
5128
11464
14601
11056
10775
8327
10303
8640
12777
9911
12081
6764
10912
6598
8252
10636
7470
9908
8082
9614
11363
9272
9877
14725
7307
10886
9242
13083
11344
10299
8769
7366
11872
7101
11117
5162
14548
7218
7409
7514
6971
11258
9692
15250
10686
13299
16798
13822
20417
17657
11531
23621
18589
27939
29759
19549
9788
18102
14127
33827
15209
12458
19277
17757
12456
9773
31486
14825
24632
12091
8076
12163
23228
15169
19431
18323
14820
14669
5315
9070
11621
5590
7211
10390
17778
23901
15317
9826
11135
19951
8347
14173
18697
9585
11866
8467
13898
13730
15027
13357
24183
14451
22082
32415
13736
21512
21107
10487
24860
19745
22756
18676
32099
19654
26940
31737
29119
38323
24585
12773
15002
16509
23878
21994
19487
43392
18069
26474
22791
22063
26499
17045
11255
13593
17204
25782
20069
12089
22934
34481
13630
14949
11049
9667
16538
8944
10491
20701
28988
9168
13895
11085
13022
17512
15292
9034
24138
14087
10823
15279
10617
14240
17262
10297
12904
15400
7988
8047
12050
10330
17374
17129
10698
13666
22718
17555
24380
17916
12228
11541
15739
19110
11132
11147
8880
11263
13202
10407
8326
13686
7456
28646
8684
8052
9766
10333
17622
12862
10617
19497
12741
11005
8876
15469
10529
8144
7688
8692
8126
14402
8437
5211
7683
9032
6493
8350
7178
9690
5618
7838
5436
10793
9288
7315
15537
11740
9095
8934
10746
6993
7799
12375
6861
8241
9337
7670
9560
8679
9737
8565
9623
11368
6724
8899
7987
7273
11628
7762
7432
6232
11187
14308
15073
18265
4684
6577
5166
7295
9152
7189
10689
6862
8683
7811
6042
6354
10390
15930
6808
12958
10139
7795
13543
9844
7253
9842
11792
8429
13375
11299
15432
7795
5059
12231
7143
10994
7842
21801
21902
23495
28520
8845
12013
8887
21265
24014
20964
11715
18794
16240
13560
12459
16301
29513
14147
16124
26953
20960
12974
21766
18117
11535
9890
9459
14531
8728
11163
15646
18960
11127
8859
16837
24112
21354
29130
21430
17127
11096
10076
8958
6944
19138
13432
9919
9596
14150
14010
15871
7302
11360
10183
10735
8197
9296
7339
7992
10571
7912
6522
8479
7001
5988
8574
7813
9448
7443
7777
9804
6911
6028
6900
7731
7270
7120
8493
7165
11845
8498
10065
8289
9057
17977
16002
9001
11807
14408
9922
6850
13138
8025
18284
12564
9774
14258
13479
10682
13773
14342
10093
7035
12467
12365
6374
8600
10937
25507
8355
24198
24505
10239
13817
17112
11046
13229
10460
9282
20023
13123
24103
14437
27779
23917
33154
26204
28406
24462
15367
27535
33563
15188
23402
11378
16794
32281
17794
14037
10167
13423
21827
8413
10754
16707
13325
12484
10694
13186
15473
7197
8094
9340
12997
11480
12050
10566
19608
18413
9437
10908
11615
17017
10944
13198
10185
10379
8549
12483
7505
8143
12353
9688
9981
11740
10116
19003
12859
15115
9182
6924
11090
17163
6115
20705
14770
13187
11000
7114
11392
13758
6517
7750
8374
7603
13421
13390
10547
12833
17636
16012
15304
13925
11818
12973
25349
29335
24807
17099
20240
14087
15555
25696
28595
16801
26231
20439
21311
18890
11490
15657
17870
12552
10351
9373
10210
13283
19611
9601
8296
11762
12914
7715
14220
19626
30668
30341
32917
35482
47231
41201
33720
16109
17797
39896
40120
60443
37965
50561
18669
36884
24367
42387
6451
13959
10328
15040
12479
18993
11206
10704
11569
8422
11074
23933
17009
12273
9262
16038
12855
21786
14754
10469
16430
7567
13198
10060
15599
9366
13332
15698
19594
16310
17913
9071
12446
12128
19072
17540
14419
16385
20670
23278
14209
16126
10604
8077
10181
10974
19408
11556
14550
11278
14741
9160
18472
16320
10956
9290
16019
23336
17974
10310
13443
25692
16946
24228
20053
8343
9538
9443
11512
7790
12479
10469
8088
10128
13082
17808
9537
14211
11460
8700
5994
15126
21289
15589
13030
11859
13834
16540
8308
10168
8489
4983
11010
16745
8121
12471
8465
14303
5307
9184
7667
11047
6646
4861
7038
8496
6954
5918
12426
7778
6756
15294
17188
12145
9055
8423
11186
7283
16702
6819
6634
28397
5691
7589
10583
7837
5837
11873
7932
10115
14148
8032
11417
7557
10686
6514
8390
6789
8158
12369
10470
10877
9233
13067
7483
13586
8608
6754
10401
7694
14147
10028
14101
13062
8815
13914
12566
10649
7135
11268
7533
9624
9070
8259
7648
8109
12659
9932
9400
8067
14143
12229
6613
12116
12109
9701
11524
7520
9678
8488
16601
11227
15064
8100
9436
7176
6859
11066
16810
9902
10155
13191
8474
9002
13520
18504
19246
16460
36830
27100
12755
16763
15027
13187
31971
13320
19141
13715
27337
24992
19790
21835
18473
12881
18550
13664
13111
16331
15151
8818
18647
9933
9651
8753
5992
10762
7514
10716
10220
8523
7812
8285
5921
9726
9762
7923
9713
8156
11840
20768
16918
7916
8154
16717
13863
10902
11228
6385
10902
12673
17052
10301
15214
12346
7631
12611
13666
8073
12286
11996
9461
11733
8636
9862
9849
10197
8133
7934
8546
7880
20793
5315
7695
9803
6400
9413
12307
10418
7057
11309
7912
11172
14028
7731
16662
9360
8691
11730
11852
8771
14904
13715
12556
21411
25318
32900
23382
28458
15807
20275
22676
15412
16628
23684
12075
14197
7650
22638
16529
15343
12224
12997
12664
11217
24467
19030
16625
14656
12593
18387
15830
36121
26405
25654
28638
17927
18159
25332
36095
32469
19206
31648
23502
41219
14409
16538
23438
17082
21438
25997
32681
37711
45268
19124
24285
18138
30427
14061
14470
29275
9487
22015
14080
19149
23886
13298
26697
20056
22043
20652
18607
20859
24260
14309
16187
19482
23292
14785
19685
13462
16535
13281
14682
12033
30723
12540
10257
11910
13463
23722
14807
11509
20039
11785
9083
15453
11333
7951
9718
15449
13085
11161
28208
38687
27642
17457
16452
22122
9163
26032
30075
23765
17603
13337
20229
12563
13419
17203
21864
13121
24313
24610
24876
26641
32786
24096
24981
15233
13663
17960
16207
10280
20510
43713
17733
29222
34908
30571
15030
17786
25778
26664
17505
25055
18435
30425
25365
13249
17602
22966
25086
14784
13046
17121
19193
12908
27371
15496
16047
13780
11141
11009
13818
9590
11800
7589
18796
11094
12719
15628
14372
7062
11367
9401
15162
8221
11271
9479
9334
9859
15070
12125
10434
7043
8959
11979
14022
8202
18556
11050
8085
9959
13942
6696
9340
9569
9356
12773
9299
11546
9599
11712
14370
9532
7714
11235
9495
11830
10867
15643
9910
8775
20853
9891
22412
6376
14692
17617
8917
8227
7908
6445
5919
6268
13190
6229
8812
11205
15874
15028
14514
10416
26511
14221
15641
12705
24933
34680
13643
14750
20680
10608
13118
11784
14679
26237
28878
28977
15691
30459
17355
17411
38007
18834
17585
18470
19026
16945
19994
23892
15462
13756
29267
15402
18309
10552
30787
19504
12825
11600
16838
22607
11325
23941
8679
24323
26636
15223
29832
13517
9491
12344
14464
11682
10613
9115
13795
16514
17980
14265
12605
12113
15383
8363
26801
7325
11667
8176
11756
18066
16228
10340
14882
8647
21583
20127
9828
12279
11930
13611
21805
10034
7094
12363
20939
14914
11367
14496
26699
17308
18448
26572
7038
24423
11221
21634
25438
8437
18805
12687
23673
8947
23514
29682
31797
35162
40152
13897
25481
19802
45534
43384
27036
44531
39355
17648
25077
27994
17963
13787
20273
18273
30557
50033
10063
42202
23302
21295
14381
16760
11711
35351
19154
23452
9857
18320
20840
12940
15350
18650
36381
20566
27624
31059
30125
20024
46849
47614
32973
50811
48884
11687
15625
56779
55594
43309
16272
18820
24100
16854
29248
15266
23726
87755
6512
9375
31353
23672
31427
8490
14060
24506
21883
21350
17576
36934
14236
8217
20082
21375
5759
14115
18224
20777
42702
18932
27943
24557
33852
45248
29914
27152
40417
8697
10107
19443
19602
10741
11203
18771
12659
19208
25332
15774
20152
24418
20557
31062
23174
12866
24824
20062
18641
22954
26067
15284
18350
17490
30577
22626
16930
24507
16120
19570
27322
31202
28645
24852
37976
28150
19730
7990
21789
22035
38898
26599
15217
21158
25875
14042
24632
18526
11001
12290
25334
26790
15538
21235
14127
9166
13576
11925
8233
9872
9620
13779
9686
14829
13584
12166
10998
15991
17960
10761
14133
15521
21929
12603
15058
12275
10266
15568
10450
10678
10189
8105
25335
10353
8258
6917
19266
7885
21612
23475
11686
12933
14597
9878
20052
8338
18160
10209
9266
9092
14589
9302
13088
12558
14677
10541
8841
10611
7367
8366
7958
12383
7467
6477
9745
6261
6474
10633
4730
6731
5430
7388
6111
8853
11141
8056
6924
7389
7596
6060
5700
5828
9779
7125
7883
6102
6973
5828
7238
13840
25539
16948
14156
16260
12587
10136
11157
11937
15591
33928
14103
18125
12105
16146
13395
7961
10574
6988
17800
9691
8651
10220
10464
11653
11899
9741
9674
10314
8364
8398
6972
13301
5793
8607
14228
9867
8687
8988
10691
12728
9653
5912
7051
13415
12018
7586
7190
9076
6674
7662
6414
5289
8345
5405
4950
5558
4670
6976
7312
8328
6602
8812
4596
6959
5249
7204
5732
4459
8411
5269
7761
6348
7956
6349
6212
5650
6511
5231
6186
7631
4908
20624
17395
20674
26409
16254
11174
21672
13077
10781
12075
7680
20475
11458
7592
5478
12215
11861
16142
13991
9789
13377
17300
9830
15143
10395
7807
8939
7666
8553
6644
9562
6728
9259
6475
6449
6344
9405
5285
7493
5653
5508
9541
9653
15609
12233
16169
5550
8233
10527
7834
8045
6777
13111
4891
7008
14196
5947
11851
6456
12159
6590
10417
9502
7016
19638
7843
16843
12588
11009
14213
10174
6538
12480
5613
10908
9824
5782
10381
8425
5846
10300
5776
6836
8585
13700
7439
6883
12225
12993
5889
10637
6506
7631
9893
14467
10784
10007
9076
7126
11808
7163
10024
13952
10670
8205
13242
12191
11098
10725
9259
7492
9418
7747
7783
8646
7795
7756
12269
10744
17165
18740
17800
19660
10532
10698
9003
21079
9373
7404
13395
11097
8116
12032
6402
11320
18321
20572
17705
19463
31589
24197
27231
16365
22734
27579
28548
17392
19120
15747
18808
8918
11421
5153
13295
14968
9133
14456
11498
12323
15973
11903
12485
13584
11918
11841
10608
8446
16245
13602
13136
9083
7290
11776
9197
8412
12817
11145
10092
7279
9659
11313
5699
9811
13361
7062
9916
9126
6159
6227
5153
6071
7106
6419
5851
5025
8883
9950
7436
13618
11072
7368
6073
9274
7728
7486
6675
8069
9514
12599
9691
8056
8224
13921
5513
7684
6753
12878
5117
7643
9056
9692
8728
7521
6023
8137
11464
6636
5564
10547
7358
9245
5573
8647
9335
7524
4358
9813
14635
13939
16725
18585
23274
11431
12668
9606
15751
11580
14525
10060
14896
9563
8919
9443
13841
16110
16522
9231
11737
11503
19566
13927
5884
8696
15042
17843
13737
12709
7714
18745
11414
20232
10387
16502
9603
10421
8213
11431
9906
14887
6679
18334
15194
8693
18159
6946
17688
6164
9404
6368
5530
10315
12483
12369
19129
12163
14662
14449
8740
14304
10249
9102
24964
24332
32936
9357
20407
18940
16371
21714
21507
13425
14537
25496
11680
27290
17030
11224
15171
14225
9730
25581
9870
15072
13436
15100
24005
16304
21622
23110
15434
17767
12079
13315
6831
13603
12134
16920
11134
9155
16222
13899
17181
8257
16277
9764
11144
13100
28932
16762
19734
9683
28356
14116
13307
9775
15123
10006
9381
11313
9364
15377
12538
9645
10168
7522
12954
8645
11795
11753
13386
16445
15582
19906
14035
8910
15322
18523
7814
11103
6900
8840
6573
8849
19259
16251
11184
16817
16207
14540
16982
20344
12255
23431
19263
17750
21068
13994
11425
22775
22289
18077
14518
20785
9859
8680
11329
13026
14565
7076
7689
19146
37208
22271
18144
9581
18903
17558
11743
14329
26961
34025
10226
16017
9533
11681
18427
36267
6976
21716
10240
18611
15273
13099
17751
13109
7692
61047
51078
46574
45317
48696
72245
12349
44151
47428
40911
49130
42278
94905
35415
18185
40115
44344
23368
20747
14332
17341
19478
10104
23058
20253
30529
11402
15432
39216
27816
35175
30194
42771
15193
44838
49771
53630
22013
13810
17632
33667
20050
14985
35031
20030
20397
26149
23065
27094
20245
30426
17417
24478
8809
14488
13664
35870
51886
38692
36892
9353
30106
33840
45548
27396
17167
50908
43736
58300
56819
40226
39056
43485
53145
33496
32905
34498
36488
48206
48222
46412
22712
28132
17948
21430
32546
36256
19110
29907
26605
52375
26162
37280
28992
48479
29987
19689
23376
32519
35713
20700
35460
40255
32082
28043
29924
31998
17079
31155
28395
32560
15476
31605
11813
9677
17366
11907
32829
10916
24981
29360
26009
16524
17833
20707
27857
26981
28560
19632
28735
26528
24758
12606
17951
12560
10803
20254
7500
15771
11550
13592
19659
12299
17893
11883
8825
11052
9853
6650
7190
5804
8423
8198
5392
8835
5535
6909
9556
4802
8649
6955
7235
5514
7798
6385
7530
5440
4893
6615
5747
8201
7797
7320
5734
7893
6560
8658
7868
6889
9032
8341
6027
6963
5786
5406
8081
7464
6419
6297
7240
11314
8178
5405
5593
12444
5641
10232
9513
7369
8874
6646
7568
6209
4774
6471
5924
4277
6474
4650
6922
5171
6541
7377
5359
6810
5439
6635
4363
7834
5762
8330
6459
4814
6429
5015
5860
6443
5648
5333
6133
6972
7359
8152
6529
4829
6015
5624
5197
4122
5523
11087
5998
4351
5640
7927
6708
8863
9332
14415
8817
10476
6935
12758
5286
12654
6374
9950
7501
5243
6651
12596
12929
10666
10661
10200
12477
8614
8953
16903
10291
6505
10732
7383
11035
14628
11015
15110
13379
11169
12035
9611
8581
14598
11200
7104
17400
7244
11335
15067
13172
17710
8414
11331
11316
6748
10778
13923
6391
9310
8788
10991
7462
8209
5811
9046
7472
15680
7153
8691
11375
5937
8453
6546
5382
6199
4467
7452
6442
7608
10225
19324
22849
11160
26988
11341
30233
15272
9522
10356
7624
17173
13136
11183
9433
12196
11524
17850
14193
12568
7780
9909
11890
12300
15201
13327
11605
13439
7375
8731
6857
6424
5548
8815
8245
6854
8136
6964
6980
8694
6932
5161
7631
6798
7023
7749
11070
10276
8440
7392
9997
9412
11362
7292
6157
11096
6151
8633
6796
5098
7105
14620
12716
13122
8551
15332
11870
7459
11693
7426
16560
14402
12597
8861
10844
14493
7968
8746
8873
7352
10187
12759
9890
9065
11989
15672
9714
12189
8582
10820
6965
14533
6780
9402
13453
9098
5189
8207
20464
19088
10074
8151
14067
7565
14388
10741
9713
8630
13049
7556
8834
6661
6244
10309
15078
10464
6543
9704
5615
9021
7704
13151
8728
7083
6519
12670
8332
14552
8106
5590
7741
6812
11633
11069
9223
8528
6350
5496
7289
5260
6540
8005
5174
5299
8166
7126
4985
11701
6878
10441
7078
6687
6472
6438
6429
6227
5921
6130
6701
6043
9690
5742
4798
9511
5217
8109
5103
8807
11220
12519
14861
11311
7853
8034
5428
7957
11949
11323
7023
5126
4463
8400
6568
8857
5804
5115
7737
4436
7767
6850
4987
5480
15515
18896
9443
12384
13853
25160
7631
12351
15195
9011
7167
9715
7978
7154
8137
8548
8191
6641
11758
13920
6334
9060
6269
10214
8185
6390
6182
8756
8517
5693
8105
10617
8248
8666
8796
9307
5708
6329
7817
8183
6371
6321
11835
6787
10181
8163
5886
7986
8061
5942
7109
5780
8012
6567
8820
7634
6747
6625
9043
6783
5320
4795
5105
5522
5001
5173
5493
6851
6661
6019
11392
9536
6267
7356
5499
5573
6408
5132
5835
5757
5738
7070
8920
6176
8757
11069
6689
4918
4922
6973
12321
8175
7924
7755
5866
20057
18547
21440
23146
10203
10024
10828
8727
6198
8631
9646
18865
10634
13699
6760
28592
5665
7090
14489
9749
9944
6301
25351
9885
15948
8960
16753
12867
11834
12063
18790
15548
13528
7097
12157
15663
14190
9878
13849
6930
10672
5555
7636
9369
7234
6289
6161
8553
4769
7688
12371
7780
6574
5973
9297
6435
6750
8568
8686
5035
7765
7364
7551
6611
7062
10770
7902
7021
11849
9001
5216
7988
6090
8608
9357
7499
10912
7302
9372
5939
8982
10086
5786
9764
8727
7112
9050
11797
11417
7743
10952
8298
10630
14938
9001
5544
18474
7153
9571
8742
5617
11603
7870
10714
15949
10093
9866
17710
8343
5329
8270
9047
5460
14729
10948
7415
8415
6257
9646
4691
12888
7793
9876
8494
9141
7111
7472
5658
8120
6974
5266
10682
12926
6771
9134
5274
12718
11882
13930
8382
9649
16116
17744
15030
8634
17266
7559
17715
20744
14617
15518
12317
5051
8661
7057
5247
4647
5469
6992
7270
17989
17909
15661
7350
6136
19973
9824
7128
9189
6490
9950
8913
6176
6527
6572
5194
7846
8313
6375
8118
6524
10349
6327
7407
7356
6228
7571
9492
5312
6183
7602
25558
11002
19125
22548
28495
30262
13050
25582
23625
22182
11079
9129
15591
12619
10690
8071
11082
8845
10098
6935
5529
6641
5722
5759
7995
8363
9629
7292
8114
8020
10827
7125
5552
4879
5151
5240
6328
6524
6513
7368
6920
5214
8038
7090
6298
5101
4190
7717
4087
6053
4320
5129
8812
7087
5708
4030
8334
4703
7507
4434
8745
7277
6363
4449
12269
12216
4860
5329
6957
5937
10274
4224
8501
6601
4844
5294
7831
6159
6085
4833
5775
5367
8905
6549
6902
5601
4916
4805
8204
19663
20819
23204
25230
9254
25904
11790
8118
7225
25030
19610
13750
11514
19252
12516
5981
5070
11669
5925
8117
6291
9127
7712
7695
10932
7449
8723
6496
5260
10376
7855
6569
8536
4948
4610
5356
16063
20530
9507
10623
14546
8970
7794
7972
6585
14929
5608
8253
11944
11540
9776
8027
13175
10627
6921
6738
7074
8896
5971
5686
4735
6362
8357
10150
6642
5735
9193
15102
7500
9793
6040
5165
7974
17558
14570
11803
14137
18703
8176
8781
10821
8335
7818
10172
9143
6154
9574
5111
10312
9932
23319
27158
25478
24241
34266
18178
13713
11404
41222
37161
21613
19724
35857
13268
9790
11429
43261
12517
17114
31383
15653
17567
13357
23959
9101
8344
23025
12816
8929
7559
6358
9861
12449
12006
11267
12385
20157
12581
15096
14068
11153
17138
13754
14791
9306
9971
18193
18278
18210
11897
9204
11140
15814
16771
10582
12867
9929
10648
7331
13139
19882
25512
16067
13400
9734
10305
20591
11511
7650
10077
6281
7049
9368
7326
6680
10450
8513
9569
8207
8625
6189
12797
10138
9269
17062
10447
9856
12399
11805
18614
9353
10410
14368
25093
34602
21546
10055
12349
9736
18305
13514
7051
9825
8342
8935
12198
6901
7792
8578
7363
10513
9072
12187
5803
11009
9583
17745
7800
17853
18071
14578
16348
17321
15824
15418
16920
14477
18729
25967
15066
6142
23139
14260
24730
31911
16293
33476
37395
9914
21768
17678
13191
14020
23276
11480
20178
19588
12015
18231
10324
8466
11727
49209
11574
8570
7865
18376
16922
19416
17230
19301
11272
16388
19744
15570
20919
35201
23720
12690
35588
14688
10728
8202
13354
16430
15548
13063
8300
8576
18430
9061
7913
10780
14401
11600
7753
14196
24219
13769
10539
8179
8852
10949
13127
13027
18481
16131
19968
22615
20485
18639
16547
18389
20281
17086
8298
15677
19706
36253
31013
19432
26175
26506
25921
15003
14052
30127
29032
14031
13681
21165
13824
8079
12357
10203
13450
19443
9133
13614
6140
11105
16425
17521
16264
33848
8100
26847
14830
16967
15193
27088
25024
15778
9640
19937
17320
10624
24018
22889
21509
15899
30177
26303
21385
13036
15125
19251
21417
28507
11495
18255
11738
12397
8063
37705
4709
21076
8003
6354
6693
14604
10526
8642
7212
10726
20311
18982
8272
13088
11718
15687
11151
12791
10270
13062
12461
8241
12241
9898
9351
13187
9612
14319
8155
9755
8422
7562
8242
6345
7063
12665
9668
7868
9022
7688
6662
13636
7731
6689
6936
9644
6585
6370
9192
6706
5116
7066
16440
6677
11993
16265
19560
9957
23093
10451
7070
12278
18718
10840
10163
7792
12613
9003
25352
11849
9760
11873
6544
14183
9041
7477
5544
5226
10791
6568
9930
6832
16733
9510
9853
27924
25986
12240
8151
5645
10259
8246
12345
6352
10698
11724
9791
11024
13529
6105
7923
12281
9467
7346
8590
13740
11773
11125
15174
17241
12786
11370
6198
9098
7289
11695
13474
10032
8258
5919
11852
7984
6291
6298
6502
6186
7229
6666
9233
7810
10096
7020
9705
6862
7095
8498
12744
8002
7980
9603
17444
9875
6138
12235
7157
13500
7401
5311
6971
6775
18478
10572
14639
12906
6470
14434
12947
6190
9371
11483
7227
7123
10697
8809
14039
7910
11017
11074
8353
7524
13390
12133
8605
13352
11950
5603
9708
6596
20745
8479
13806
8224
10134
6273
9184
11551
9535
6898
17309
14996
7659
15533
18002
12535
9241
11509
15764
11349
13773
11080
9426
6505
18676
15969
11811
14720
11844
11147
19166
8707
11114
11011
7976
10963
7724
11805
9752
13037
15589
12686
8547
16783
23681
17211
11619
13995
19455
23798
32343
26466
28785
18836
16294
9437
6459
18842
9280
13478
5572
10208
8982
10869
9764
12883
13106
9341
11365
8242
8072
14831
5790
11081
5653
9991
12025
10082
11888
7458
9905
8470
5985
6529
11727
14192
10643
8827
12779
11662
9708
9526
12505
15891
8306
10260
9146
10632
6750
11183
8895
11910
6894
15359
7197
11499
10010
16432
22889
8134
22906
26191
13715
9935
11764
13569
20793
11355
15369
19706
10057
18776
10107
7045
9088
6697
11699
5618
8097
5545
8894
8951
8492
7369
8761
12187
9272
12071
7001
9524
14823
7770
19579
19770
12155
11157
17324
10332
9006
7538
13873
7238
9162
10555
10278
8643
9267
18035
13910
8602
24435
11254
23590
18621
12293
15746
31510
35920
15719
13934
25134
26997
12989
19076
22195
19071
14446
13076
50214
8163
12863
12014
11679
14693
9850
14768
5737
15581
7812
8279
22183
4374
8284
7164
10918
12846
12317
10914
14236
10491
15360
13983
12649
10983
12891
11254
7667
11604
10373
8748
9291
7337
10785
16666
9044
9320
7049
11433
5718
9910
6553
15722
15755
12762
16402
14705
17155
21850
21925
13875
10630
18538
14732
9227
6578
10976
10072
8917
15431
7378
8241
11576
8947
8059
12302
6291
5890
8220
5221
6801
12538
7257
12824
9425
8445
6721
6535
9920
8073
5219
6541
7112
7892
12165
14599
11401
11208
12752
16503
17990
23258
27538
21727
17625
12998
18450
17218
12157
14573
23664
15765
23543
14365
9410
8400
15162
9878
8408
7301
11991
10686
8405
11222
14250
7995
10446
10845
6909
6883
11093
9377
9809
6565
6120
5904
10112
6274
6924
6073
8315
5866
10095
8396
6566
5870
11152
10729
6638
6174
5620
6958
6957
7808
7985
8747
7284
10573
8944
7027
10505
9400
8914
8997
7849
11670
10163
7372
8397
9995
12577
6776
7994
12272
9522
5785
10627
9554
7633
8969
8575
6755
10897
7939
5681
6312
7047
7627
6976
12914
6072
9516
11051
8893
7531
7380
13505
6064
9271
6424
7867
8935
8462
19112
21299
16698
19635
15698
17479
9141
11104
18687
7691
17813
12061
8054
10762
16753
9978
5739
11695
9563
6174
8585
5379
14671
7073
12185
7308
15652
11010
10436
6770
10968
9193
8325
6712
5148
6091
5400
6259
5759
8003
7738
10274
15547
7116
6688
9486
5624
8583
12263
9898
8505
6721
9914
7597
8598
7954
5505
6354
6070
7440
4929
7104
4481
5956
6924
5806
4782
6853
6374
18213
18197
19537
7844
6593
14134
11257
9494
5482
8341
6641
5031
7566
6538
12362
10983
10071
7025
9280
9449
9221
12227
7629
7608
10365
8717
7342
10740
10265
6959
9435
5729
8232
4685
7370
6592
5319
8162
6199
6207
5015
7470
5910
4621
5223
4978
5363
5797
5524
6745
8843
7928
7344
5924
5710
5846
5004
4821
5553
6792
7400
7460
9118
4906
6869
9596
5342
4726
4993
6356
6299
5000
13612
6155
8766
11301
6900
5893
7029
8289
7454
6226
6845
7256
9721
7425
9912
9543
5754
14061
14213
23217
13609
7374
9600
10922
10961
27009
7974
10226
12095
6801
7929
4706
7570
6159
6867
8772
7079
5850
6852
8653
10713
19367
23321
20845
7795
9122
8050
6982
12980
9874
12763
10335
8290
8384
11215
9513
8452
7185
9179
4809
9449
10532
6253
6467
9752
8178
10744
8566
7339
12454
8529
5982
6241
7099
7652
7485
9787
6026
7287
7133
11066
8460
8117
8750
6854
7261
6574
10890
8089
9341
6222
8811
8033
6779
9397
9724
7961
10156
7592
11415
8423
11014
15120
9294
11300
5905
12044
13005
6960
16922
11280
9347
15460
8724
10225
10891
17871
10879
17945
14955
17240
8735
21588
17152
28824
34299
46738
25449
38450
20567
43754
26253
30625
30422
36793
32251
37457
22895
17631
25025
8504
20812
18832
25816
8931
23791
11524
13459
19589
13092
11298
8576
11439
12072
10635
10485
13404
9362
8093
12680
8248
10478
8438
16548
16643
7804
9601
11935
9724
13326
8267
13644
8833
7583
6475
12287
7736
9483
8290
12849
10997
8358
12423
6839
6721
11824
9957
6786
7062
12287
9079
9482
14310
14756
6297
15057
11052
10796
12429
8138
11013
12569
16275
33100
17471
19463
24375
28810
24157
34291
32361
47702
34200
31655
44282
8911
36648
26954
38827
26255
14136
8289
8999
13970
16279
12622
25109
15531
9436
15499
15798
6670
11431
10314
12220
8131
7358
14770
6256
15355
19979
13478
16189
6554
9322
13649
8772
17057
26415
20007
16569
11406
20068
16260
14368
18821
23328
29079
14171
11855
16240
12470
16421
10495
12530
18201
5443
8425
10764
11671
23737
21938
14418
14051
12908
14451
9257
19341
10262
8325
9810
23270
11653
9807
27972
9870
17726
6102
7890
13373
8982
8044
14776
12911
8654
23460
16815
12851
15303
20243
15730
9518
12551
10306
12233
11058
9774
8295
6350
14583
18694
11318
29142
31579
35836
10102
13873
14174
6941
10564
37432
20036
5755
52244
18460
18153
12001
19926
14377
23042
8694
10320
14382
18258
13229
11118
18677
20315
12000
23501
15957
18877
11184
13415
8415
16623
14808
11272
19207
13952
7972
9096
13863
15589
12318
15695
35754
25205
25789
12108
24697
12679
27092
36004
15389
9717
10441
11346
15976
12214
9699
30997
20280
17744
19306
30466
28435
32994
19732
11710
19764
15862
24035
17405
26266
13446
7191
11395
10338
7369
8624
18988
8844
12368
12236
19601
9127
9965
14871
10837
12216
7243
15554
13727
12141
10271
6733
9344
5952
11749
8682
11155
5564
10565
6216
7196
9572
5639
7546
6124
11499
5457
8222
7270
5022
6404
7411
12177
6735
11313
8340
16528
9494
7488
14626
8009
7287
7846
7865
11378
10125
9280
9714
9783
11671
8625
8293
7090
9908
5830
7898
8535
9185
7830
6090
8540
6641
6991
5311
10749
7196
6224
7003
6035
7846
6971
5117
6745
6355
6247
6555
8743
5220
4289
6462
5526
5783
9880
5915
7746
6806
19304
16813
25097
9376
7591
11445
14481
10508
7623
9413
10485
8382
9357
7149
8555
7784
5253
6742
7178
5742
7905
11145
10408
9518
10708
6764
7764
13329
6219
14522
13208
9478
7538
10051
7350
7024
6080
6689
4844
14157
5339
10332
12641
7351
18201
6583
16336
8483
8207
7804
11285
16738
12443
15673
11949
7132
23090
16463
18129
13242
21880
16349
8484
12129
12817
17787
15547
24387
22660
9987
17239
19771
10136
8396
11550
8459
15472
11168
13349
13562
10761
9776
14775
6004
11768
8461
11667
10728
22674
21851
10280
25663
11595
11112
18772
21354
19844
15276
17357
14299
10542
9882
19057
22981
11531
17922
7651
15484
11445
13486
10421
10618
7943
17333
14109
10110
5397
6401
10850
10105
7689
12308
10596
12942
10666
9919
12663
20982
17222
12056
14216
11168
12687
18500
13547
9847
12012
18279
25937
9641
28715
13279
7788
14517
11968
11857
7652
16083
7832
13813
17447
22868
19115
8422
22985
10353
11973
19068
17370
15053
7339
9494
18333
7960
23221
9092
7460
10974
7096
9238
7445
5701
6178
5578
8110
18102
14724
28698
26320
18171
17178
13253
7080
15985
6733
6518
8958
7223
9387
10942
10117
7894
6148
9170
5184
5498
8845
8949
5401
10508
13141
9548
15632
10776
16768
6102
11158
16308
9299
11912
11414
21427
9592
5457
8158
11049
15045
6500
4490
6296
5955
5594
5219
13804
10074
10844
7161
7915
6994
7300
5792
6122
12540
6743
5574
5908
7442
5631
5597
6824
6944
13723
8141
12570
8583
7699
8504
7576
9881
6093
9469
8225
6625
5234
6801
11383
13221
6464
12102
7699
6084
7216
6337
7913
5463
6500
6544
7480
10342
6686
9210
13141
10974
5218
5372
9187
12000
8385
16156
8705
8141
11921
17272
6950
9115
6477
10167
6970
5477
9005
6415
5685
11849
4206
10385
15835
9956
12023
8855
23607
21922
17201
20994
20052
8552
22272
11354
9472
7279
5589
4559
5524
4881
4505
6871
6129
5462
5567
6727
5943
8762
10084
8843
7532
5982
7498
12162
14653
6517
8995
6829
14368
12612
13078
13564
11405
7483
9303
10012
6751
10033
6920
5551
15180
13230
7468
5037
6616
9550
4928
5262
4294
4546
5176
7181
6732
8759
4998
20590
10905
24080
32900
17040
15256
21469
30958
23728
16246
16348
8965
13227
13927
16933
18810
24566
22736
11749
22565
12184
11164
16343
18880
23877
14558
11154
15707
9704
7160
9817
12778
6233
9093
8022
8434
6152
8809
13311
7801
6990
10348
7559
5478
7952
7758
9560
8040
7497
5505
6078
10739
7215
7397
6059
7404
4737
5009
6810
9686
7775
7826
7434
10822
6676
8964
6164
6186
6175
7013
5867
7934
7422
6974
12429
12653
13700
12928
7074
9541
5925
17083
10130
9622
19773
12627
9770
9901
19479
11381
17140
19960
21883
30776
27860
25918
28264
12281
13897
12176
8494
10240
9301
11883
13188
17386
11266
6205
9822
14693
7271
17851
12159
9843
5939
9516
8858
7384
7279
6273
6640
8718
6293
6344
7913
7889
7110
4880
4595
5692
8174
6614
8491
8373
6311
4992
5341
8959
6969
5540
6503
7389
6001
8351
7802
12032
6317
9580
7574
9758
7565
5582
12697
11467
7556
10554
7722
9508
7631
6884
6826
8460
11192
16449
15939
11405
25180
22263
28468
26869
23290
23830
22666
13874
15646
11476
14048
10160
14325
7794
9738
10208
8921
11890
8797
7142
8126
6529
7707
6147
5803
5281
4988
4640
5111
6536
9200
7257
11587
15828
12555
18966
6053
6951
7074
15288
6497
7627
7030
13325
9516
8170
11892
5274
7528
4411
10110
12061
10188
13751
7812
7324
12028
10970
9675
10071
15043
12363
15981
13069
15322
15379
17618
13253
9217
9560
23174
15263
23449
6765
9253
13179
23788
11611
8512
19399
11251
18277
25482
16173
28361
20467
24997
32860
18966
29783
13720
24013
13430
15706
11843
20393
25548
23127
30382
22536
12878
13031
19176
12575
12241
14523
8007
18821
12589
10790
9346
10124
9293
10883
8235
7605
5740
9916
10038
9985
8181
7298
17004
18522
7482
12301
9446
15426
5315
16869
13229
23401
20847
17154
37877
16054
19726
23432
29822
35174
31644
13767
13759
24186
40835
14756
5393
10644
14878
25988
12958
17330
8966
7198
29321
11026
9851
14119
10735
13802
6252
7744
6735
8118
4970
6982
5316
4484
11554
7187
19057
5993
12428
9526
10893
4109
6404
5094
8818
10831
5532
7861
12154
9234
8537
6192
5256
6966
6233
12439
4958
13252
15784
11888
10714
12151
7410
7086
9481
15378
11969
9682
6757
8167
5766
5825
9658
14011
23523
23469
7113
21600
10821
9169
7475
6105
10494
10999
14415
9490
8157
10740
7836
8370
8454
6472
7718
4776
7848
5045
7285
6345
8981
5128
5590
5584
6030
4669
4191
6645
8141
4630
5340
8955
6645
8051
10359
12781
5230
8996
6277
10816
6716
5011
6225
6400
7276
6684
5589
7656
5326
5356
10738
9508
10125
14456
8829
10474
7230
6978
5569
6682
5899
7222
5483
9736
8983
8343
7833
6687
8314
10481
7507
9929
8484
7082
5605
9814
12217
13378
7393
7955
6979
16144
9997
7180
12281
11146
6233
7287
14119
11464
9646
10200
8863
10808
9003
5038
13348
5601
10735
8522
11424
13940
9711
10761
7171
11791
10863
7089
10097
8852
8507
8139
9114
9621
8965
13167
8915
6718
16780
7166
8318
23972
10326
6486
22578
11704
9809
6515
7798
5817
5196
19423
22195
27198
19041
26240
12702
11493
9067
23223
26227
9597
5311
10598
7163
19904
11279
12911
7471
7677
19229
12744
7335
14204
10713
14941
17636
17043
14555
13068
10408
16073
13484
10513
7740
25320
11596
8729
10983
23206
10409
15075
17207
10140
11974
8354
15487
11599
9261
17862
10075
18130
13712
23745
19787
12769
11665
24472
21104
12521
10001
19862
7952
18540
16306
13990
7051
10570
9692
7347
12770
9538
9157
11320
7449
8631
20445
14656
8797
13321
12760
6928
8282
15742
18583
19922
8917
10856
13402
13877
14253
18793
19294
7636
10972
9936
5716
7869
12474
11315
11201
13403
15571
7813
9466
8073
4537
9544
8551
8084
7141
29806
25683
23729
23005
27803
9661
12760
38975
21512
47227
24984
41612
20377
21485
11367
21750
18570
13552
11143
8360
14751
17342
9974
12560
8927
32467
18574
7611
28666
6491
5295
11592
7468
6695
9870
7770
6464
5982
9663
6058
8764
8490
5195
7527
5354
7976
7217
11534
5681
7964
7289
5458
5559
11304
14074
15592
8179
10127
6339
6381
12007
11737
10998
6510
15955
11753
9816
7760
8135
6721
12728
10808
7713
11396
14090
12221
15993
11539
12985
15936
12169
11816
33459
6761
9429
15865
9431
7174
15889
10837
6161
11760
10709
8782
5813
9916
5940
5765
18652
12567
11973
8235
9154
18724
10798
14081
12691
17221
10833
14696
13070
12902
13399
14986
9671
11957
7134
10112
19114
7179
24889
5039
17111
19665
40699
14312
31052
17074
28280
18713
13316
18314
10444
7903
9431
21549
10977
7147
9359
8550
15853
8664
10530
6027
7343
12329
6550
4808
9544
10982
7050
8022
8699
7901
7738
8721
10939
9825
15624
5665
5776
11915
10027
9041
7363
9730
7276
6540
11935
6211
10179
7780
9435
8766
8003
7533
6412
11874
8441
9878
14245
12728
15305
17491
11787
14423
16297
25459
17517
13839
20317
14074
8871
8020
16273
10843
20557
16739
14060
7418
14138
8613
14773
13209
21232
15199
15099
18864
13238
16702
21475
37535
29530
30924
35089
27514
10578
25787
30641
25317
19476
24258
17224
15835
21569
18369
8369
14173
29505
13821
11264
11410
18432
10730
13548
26531
18273
16679
26476
22626
25055
22151
11004
11796
31784
18558
10469
17284
21061
23097
22436
9138
18967
17107
22576
16913
30535
15628
41730
48399
21374
27728
34974
26844
34263
39855
31756
21978
20449
18475
22093
10862
18908
23149
13299
20016
24351
9923
16726
24139
18295
18235
17848
24203
26338
19858
33507
19446
5910
43072
9202
32231
14503
11050
7144
16254
13309
11046
11681
25322
20954
26563
36411
17158
18450
28098
50604
48891
24534
27216
9805
12867
20558
29683
23291
22609
19550
8543
8460
22971
8069
13073
11619
17418
11791
10131
26575
17131
12676
14100
13798
15163
11994
18891
17777
26704
10465
12158
21457
10382
22845
13584
27956
17618
10217
15362
17346
11508
11963
14891
17742
8696
7155
13232
16406
12847
9558
9247
7048
8084
9580
6516
8780
6244
12591
8306
11108
7569
10269
9187
12736
9941
15461
9235
29809
23738
30952
19524
27817
21092
18225
24618
31689
29711
11130
13882
15685
28707
27213
17159
31166
36947
20186
16912
27728
28452
27898
22640
15121
35285
15556
40022
28065
44123
36725
43084
59083
38599
42263
18607
36659
17233
31159
21251
40737
20930
31346
62707
21112
35342
32152
24180
25849
13493
43453
26166
28455
34145
15791
22817
31056
15261
23046
19237
23531
20024
24282
17888
20089
13556
15834
16714
11586
10754
12233
20577
7213
9800
6088
7246
5521
8686
6723
6227
10832
7895
10295
7821
9390
8650
7722
7693
19956
25347
13419
21454
26299
23188
31210
15679
36936
12645
11611
7797
10776
22438
24793
11980
19200
19200
12184
19975
18182
12493
9547
18986
14190
14539
8663
17126
13091
9274
9653
8669
8413
15057
12347
8287
14641
5400
9496
12300
8971
5981
8426
13968
6518
5391
7128
5425
7847
6860
9479
7681
8499
10725
7110
6953
9706
6245
7328
7449
7022
11423
8096
9770
5390
6271
11032
5502
6385
5318
7242
10747
8595
6807
8979
6928
19107
21522
6819
11788
7267
13768
28683
12204
8730
5943
8994
8107
6757
4764
5209
6417
11133
5901
8068
6205
7248
5106
7753
7986
6183
11454
9982
10497
8167
10549
9034
11173
5311
9783
5049
7334
5844
4291
5883
5235
6071
8275
11235
9100
8220
15779
9450
5780
8102
9029
7860
7911
5862
7111
5127
6689
13751
10484
11371
12130
13258
5781
11094
10252
8494
6963
15559
9762
55849
23048
54486
60547
27876
32509
55652
7990
59160
37388
34758
11164
17119
11925
14609
10211
16729
14808
12598
16511
9901
10076
8394
6885
9602
9998
7819
11973
7892
7806
12788
8752
6168
10597
5004
7538
13975
7197
5946
6820
10850
9122
5230
5715
10142
8066
5086
4625
8814
5704
5290
8859
8844
9614
8353
12595
5384
7673
11032
7261
9179
9073
20666
25011
21826
26113
24593
28787
21201
20173
15336
18921
30840
36102
35235
24547
26398
17375
22093
19877
23039
20795
19380
8529
11048
7610
16724
12871
6823
6246
18658
6372
13825
7235
10883
7614
6027
6045
5201
21499
22051
13246
15997
7894
26563
16051
15907
7916
7150
10084
13882
7457
8689
7671
15288
5000
8819
5084
13182
10114
6220
9222
5114
9086
9083
6808
6300
7825
7374
7061
6099
5185
5758
6469
5687
4691
4818
11546
9367
15759
5386
8706
17097
12789
5925
5777
7870
13551
10843
14707
20818
20273
30161
18867
13644
19616
34170
12882
13246
22800
9738
11064
26086
16962
14239
33043
26068
38054
19673
10797
20799
14162
21463
7166
15247
10080
11527
10095
7223
10529
7790
4533
6307
6875
5979
9368
7015
9456
7215
5394
9567
7474
11393
9441
8774
8497
7340
10836
6562
10395
9227
5098
12579
14435
9194
8238
10161
13182
19581
8035
12861
16377
21314
27546
18541
10664
22217
35750
13548
18405
21205
36007
23565
22209
23135
12226
10524
14719
13231
9249
18851
9785
16905
16288
12326
8730
18186
16967
6914
11482
9789
6970
8301
12924
14484
13305
20610
13628
12039
8987
6722
7346
6169
11025
17470
8067
6810
11340
7157
9989
12319
8932
7311
11042
6148
12868
10574
7173
8165
8836
6596
17957
21622
22403
12662
12249
16068
38487
18458
20685
15362
14617
20243
17766
24501
16064
20290
19116
15125
23774
10829
21325
10319
15057
20000
12819
11850
11984
15817
11068
15230
11901
12101
5710
13920
8908
12768
18239
11536
6210
8245
4712
13595
10009
10181
16225
18031
24845
13712
19808
12197
29749
23296
15564
19496
19771
6097
13489
15291
8762
12923
11145
8895
9955
13030
11746
9068
11584
13324
12828
10231
8810
7741
5366
7241
4902
5006
6547
4548
13626
6791
5769
4704
6529
6387
8338
8490
12263
7289
9719
21998
29710
25916
10945
10298
33299
7192
13286
11521
10482
8685
10825
6965
12600
12461
9223
16382
11959
8475
15241
11725
8295
10777
13420
9458
7573
7024
6053
12060
4909
8630
9693
5908
6930
6780
11353
9051
15251
13122
9079
6466
6957
9613
6854
9254
7139
8983
7208
14624
11530
10573
17803
13892
9074
8997
13596
10010
9424
7790
7962
11284
7714
13334
8762
12882
7835
5783
10731
8503
11447
7875
8853
13291
7439
14448
12223
7588
9665
6658
7933
9502
6467
9366
14273
9208
13875
10316
8002
7060
6129
7604
5729
8435
7972
5765
11784
7980
7538
10257
6850
12698
9526
12296
8570
6705
10561
6552
12444
10940
8843
9708
10403
10094
8773
6746
8093
6046
7440
6308
13226
9580
10855
8652
8054
7787
11769
11591
6767
11991
11161
7854
11167
7949
9901
7855
11413
5659
14150
10506
8892
11839
7924
11657
11466
10975
10008
18506
13693
6439
15272
13733
21614
14252
35121
12160
16464
13694
7499
22828
12739
8829
13389
11440
17864
7550
10259
8290
7585
8671
9416
7624
10032
6657
6869
9225
7293
11170
6783
6853
10756
8674
8392
7644
15709
16348
19658
12416
14275
13183
11837
10557
15160
14819
12662
15696
11128
10541
8550
8569
10218
9876
4816
9814
9248
7733
13157
8572
8899
11467
7500
9404
6736
15906
8314
6715
8130
7754
5654
8097
6751
6903
5485
7670
9217
6714
7198
9723
12433
11984
5570
7605
7064
5809
8273
6982
6160
5309
4676
5801
5688
5422
7489
6640
5370
8127
6825
5747
6158
5996
7038
7197
10330
14315
6739
10707
7364
8610
13355
4646
11929
6149
13373
7183
10788
9507
5757
12014
11959
7877
7478
6915
10481
7666
7866
9853
5763
9606
6301
11803
7581
11562
9337
8185
7313
5698
7507
16230
8035
10381
12683
8166
12555
7117
9144
8267
9169
8219
11011
10784
13051
17504
10537
11286
12030
19654
8038
9964
7919
14486
9199
21459
12590
13808
44109
12483
24545
14373
18821
12107
16930
14477
22697
13003
8957
9524
21031
13079
13487
9206
11623
12364
6671
10932
8251
7183
12086
7286
16418
10425
15032
6861
12337
11537
8622
13693
11606
14525
14692
10863
12670
9306
17366
14703
11946
13838
7435
12377
6643
7863
11155
14610
7993
10110
12492
10326
9318
9299
7928
6530
11524
17853
16346
19347
13695
26114
18413
16107
20746
15551
16182
22807
33780
16109
16804
18044
30272
43716
15597
13748
26135
22077
23940
21371
13166
22242
10119
16992
12901
15219
18795
33939
24804
15388
10486
14250
8668
9647
6258
12119
11665
7865
15686
21328
17267
34972
32997
15946
20704
15398
16396
12875
8940
10783
20058
16287
15540
19025
19959
13022
13486
14696
27021
31414
22920
21549
20159
22865
12576
18013
33645
31918
28161
29352
19027
15517
25450
7420
15160
22518
19145
26748
12643
40050
32750
47306
34917
39948
30081
31811
7499
13413
35309
13626
16697
22730
50386
17039
13599
21876
16074
18906
10080
10353
18470
20143
22608
32392
8239
38850
23474
15807
21282
44467
20302
23210
23210
53420
20747
29592
20277
22301
50240
12847
28445
9038
10462
24466
19975
19090
11987
19344
10305
13424
10311
9356
19621
16788
9185
16555
28993
18944
12244
15541
17375
9266
8951
8388
22793
19267
15145
13417
27344
8834
18576
8994
10285
18160
10863
13362
10883
9627
9018
7981
8571
6723
5908
7689
6520
7957
10750
13273
9482
11896
19266
11024
12689
9919
12079
12749
10124
12345
7339
10470
9083
6522
5518
9659
12865
7312
7367
11056
9134
9713
10272
13547
11736
8131
11127
11251
13403
12542
7168
8622
11613
7616
10372
6220
8946
8428
6337
6529
7323
10199
10621
6997
7679
9602
5583
6768
7252
9820
7651
7059
13258
8772
12135
9628
9532
15824
15107
17562
15533
25848
14175
17142
7573
28820
25823
21616
21318
29555
36944
21644
24265
7834
11962
9026
14225
7381
9557
13895
11195
7808
12530
7642
8246
12642
7291
8658
9066
9872
8601
6278
10143
6663
9062
8017
12317
9036
9028
7113
11794
6203
5414
8188
5787
6868
9463
7487
23539
14497
22133
17571
17525
12936
17340
23133
7189
9093
10725
13379
10644
5720
11999
15098
8604
6444
8937
11011
13217
23163
10558
14565
8046
10845
7987
7272
10047
5679
8853
8822
9976
18897
7538
6938
11590
12941
6215
7647
5511
11127
12701
8483
10189
7305
9844
7258
25708
6267
11616
6215
8622
8444
6313
6315
7346
9261
7093
11437
8215
8144
5402
7040
8280
7550
10735
6772
9645
7189
5882
7598
14130
10286
6945
5220
10174
6167
7350
6169
8317
11342
12913
5290
8652
18388
10651
9713
8428
25063
18416
15422
23574
16811
14323
14432
8549
7390
9048
8064
6092
8297
6557
24237
13159
10871
11612
21071
9408
12501
9067
5799
8339
6077
4993
6298
14645
5666
7076
5407
28249
17946
7961
5753
9157
6243
9927
5497
8361
5301
15659
12461
16949
19155
21428
23487
15187
12025
16400
15051
12121
9528
11536
10820
9053
7117
7157
11121
15167
4202
8724
16725
10152
12544
10635
8902
7722
16955
10967
10090
5890
9078
7244
5824
7142
27797
42458
47899
19124
52467
42683
7300
12936
6017
20068
8792
12793
15322
5119
53048
28837
6838
17371
22616
16857
7167
29831
14916
15174
11011
9001
13204
6992
10947
10004
7637
27868
6712
9086
7491
31815
8310
7577
7395
13544
6094
5782
4274
5467
13791
6211
5332
3918
6169
6621
7041
6664
7729
5528
4640
6983
6509
15042
8140
6499
5122
6766
5785
9173
7197
11172
9764
10914
6227
13177
10766
16932
9906
11041
14190
16106
7993
7756
8388
16386
8748
7155
6244
13122
6658
4175
6744
4034
5666
5561
7276
9164
4432
8518
6595
9615
6469
11698
8571
9259
16144
12752
14090
19093
5461
21247
9306
22613
12441
8154
11649
7352
8807
8629
9524
9326
10088
7543
8401
14226
10599
22517
31228
16643
21430
12198
28780
14733
8763
11432
19102
8049
15641
12375
8512
9525
7801
5502
10527
7922
6088
11097
7292
13087
11116
7117
4712
11880
9868
5548
7561
4974
5469
7248
5421
8539
6564
10141
8884
7639
6448
8620
6492
7231
16232
6949
7884
6519
7362
6024
6006
6027
4443
5509
5731
7581
4933
6581
5095
5572
6187
8894
6588
9504
5173
8854
6498
6393
6263
9517
5896
4752
8490
9494
6853
7444
10939
10491
7315
8338
13563
16271
15217
14418
10507
18184
8830
16570
13027
7329
8791
9276
10927
10242
7037
5461
13630
8455
10427
7205
15620
10281
9701
8604
8753
14646
9372
12855
10068
8134
9837
8129
8562
7605
15774
8222
10531
8734
7999
6423
8864
7064
7753
4843
11765
9531
6328
8390
6812
9043
5163
6123
8284
10231
7847
8706
9610
5456
7449
15088
9042
5620
12462
5353
5961
13140
6255
10451
7093
9657
6233
8731
5039
7215
8960
4118
5548
6855
7296
6828
7209
6525
9148
5489
6071
6143
5018
5238
10273
7526
12880
9549
12396
11039
9451
7954
7365
12101
6874
7063
7852
8730
10669
16649
11313
9177
9823
11687
6018
9961
8092
11816
9015
6498
7739
5823
8107
11640
7665
7590
7916
10205
5968
6188
8901
5248
9026
6515
5339
7758
5677
7286
7365
5400
5086
9390
5779
6384
6273
8363
5035
4544
6928
11653
11359
6261
9432
15268
7303
15827
11099
7626
5954
5368
10358
5090
7662
6013
7080
6386
24509
23812
29527
30069
8215
17429
14071
12709
31277
12932
17151
8744
20040
8119
7290
8538
8473
8275
9298
11608
14290
9952
9951
16602
13694
9748
5880
8471
8208
13151
21064
9375
10204
6044
13142
5603
8962
7814
12312
7826
5500
8434
5029
7408
6756
12566
5657
6778
4999
7133
6565
7574
6901
10690
6884
8324
6931
5482
4923
6321
6349
7763
5973
9205
6941
7829
11077
8529
8595
12418
7652
7439
5391
6817
8191
6073
7915
10175
8724
5573
11320
10120
6720
4944
9636
6892
4840
5395
8942
4752
6606
11274
4979
5544
5864
4849
7106
6033
6063
8086
7217
7863
8815
6600
6514
6879
6993
9130
7884
7289
5306
8120
5339
8337
9200
5479
7911
10334
5072
5205
6315
5154
7808
5992
7995
7868
6828
8074
6331
8121
7876
6403
8393
5613
5373
8335
5887
5566
5976
6193
5948
4037
8925
6461
6417
6048
6137
4739
4558
5296
7247
6258
7313
5701
10625
6706
4861
3891
6639
7804
9514
6562
11096
6800
10741
9359
6153
6301
6755
5007
5753
4857
4019
5849
5652
9339
4888
4678
7107
10087
7953
6928
7946
5113
10117
7728
7109
6197
7650
7616
6248
11071
8676
7432
11721
10386
6362
9728
10060
10502
9008
13206
7497
11702
8445
15299
9737
8518
10993
6932
5019
7068
5752
6759
10858
14345
6338
5277
6462
8404
7621
6669
6144
6614
7638
6014
5362
7947
8262
14916
12962
16005
8038
6774
18165
20424
9209
15227
12947
11473
9896
8574
6508
7509
16623
7606
10025
6491
7615
11170
20055
30389
9141
6785
6505
6227
4524
6329
6624
5844
8224
5702
5715
5804
6410
5916
7679
4640
5964
5133
6132
6339
9136
6688
5695
8425
11726
8286
11676
9303
9163
5684
5919
8100
10287
6514
7785
5848
9766
7920
6253
5453
5965
9247
7278
6701
6606
7809
9366
9571
6290
10220
9767
7325
6619
10109
8433
5850
7571
8148
7207
10861
9010
7845
10249
8250
8294
10736
18558
14794
20965
13088
8450
11281
18189
8334
13601
5531
7586
12819
7301
10207
9122
9221
5586
10854
9638
8580
5142
17157
11184
13057
5704
8255
11545
5309
9704
8780
5511
8097
7911
5801
6501
5436
8016
7146
5804
6575
4183
6718
5555
4913
4249
3913
6172
6737
4788
5644
7744
5317
10939
5136
8964
10275
10706
15045
11314
9431
6708
6481
8539
8904
6672
5981
9540
16145
8056
10230
13061
7572
11677
13026
16930
8478
19572
21603
13521
23742
26961
17434
16134
36084
31227
14243
23260
19393
9971
8724
27819
11974
10000
22365
7860
23716
15426
8269
13784
12164
10322
14410
10853
9697
8384
7115
7272
5937
8468
8618
7107
5956
7812
5850
19864
8320
10915
12604
9058
14946
11152
14066
20457
14481
19741
14205
16549
13500
13249
8736
14753
10785
8103
6851
11180
10854
22704
9092
11854
9996
19192
13707
11376
10449
6361
5494
6048
10260
5911
8525
5414
6804
7753
5261
7209
8121
12261
7154
12925
8902
8837
9071
10934
10219
13785
12177
22156
9600
10865
10573
15704
9739
13563
7292
14635
17377
7636
13694
7605
10270
9720
8742
9152
10104
8307
8119
7579
6393
6207
5821
6862
6425
7806
5571
5082
7695
5493
7920
4369
4385
5558
6192
9986
5291
8128
14896
7597
5493
11507
7907
5372
6104
6788
5357
6165
5566
14097
13960
8986
13970
16633
19688
14389
20676
21136
20068
18499
9881
17924
14887
16845
14392
8503
20512
6118
14838
13571
19549
12354
10318
22516
13181
9968
8909
14050
10758
7434
11753
12877
9918
7990
7345
23090
21447
19494
17095
27804
24301
16009
31925
21433
33581
29516
17809
18484
9141
8480
5832
25314
11644
10989
5015
7221
7048
14879
6156
9525
11286
8332
8355
7597
5918
7141
6065
6062
8576
5765
5847
5518
6032
16413
8887
6685
6960
9352
7289
9603
6813
13568
7675
5750
12856
11082
9995
8090
9272
10782
7454
7458
9955
6502
7418
5127
4903
5521
5322
6085
6840
6058
5070
6707
5465
4029
5611
4159
4663
7292
7142
10881
8927
6841
7291
6293
7224
9048
7057
7628
4784
7510
6151
7992
7971
7362
6679
9148
9429
10792
8726
8554
6394
6250
7464
5776
7295
9630
6881
6962
5888
6935
5073
5399
4357
14071
13713
14133
13371
11732
9798
9648
11061
8628
9251
7547
5612
5409
5845
7414
9463
6774
12256
10526
15786
12742
8254
9975
12818
7237
5333
7023
7156
9201
9444
7768
5824
7668
7494
7619
14307
8303
5466
10969
11029
8697
15532
12682
7915
9457
9550
8877
6771
5507
7700
9952
10101
7111
7885
8366
6492
7469
5423
5687
6550
5945
11623
7066
12980
7922
6255
6539
11971
5086
7954
5944
5077
6386
6415
8104
6891
5026
7086
10762
12626
9808
8939
6137
9503
7313
5998
8179
7192
5569
5141
5734
6772
6249
6976
6424
6574
10490
6332
8501
9253
8460
5417
7651
6082
5138
10032
7778
6427
5344
5512
9652
6452
5921
8810
5234
7392
13406
8693
19164
8566
7232
11326
10058
6317
9021
6317
17150
15116
18333
7970
7498
21014
8904
5581
8806
5141
4703
6626
7046
9083
8898
8013
7383
6555
12332
10872
7055
4900
9753
7414
5787
7342
9366
11958
7914
11295
10260
6450
13898
6281
6135
10020
5737
4833
6912
6271
8700
8295
7135
8957
5774
11766
7204
8637
7763
8844
7329
11946
12977
9486
12252
13353
11453
4463
7680
6915
5225
6595
22692
9843
16669
8851
7542
8871
15190
7911
6231
9222
8393
12234
9169
8628
9058
7113
5780
9081
11896
6042
6342
5379
11717
10169
7075
8632
7481
5648
11607
5755
8303
7223
5694
4813
9398
5682
7824
8878
5694
6083
9000
7322
15508
8039
7270
10827
15198
4954
7618
6766
14696
5074
9015
4904
6465
9901
9520
8413
12532
10551
8263
8652
8535
11968
9718
6827
9319
7741
7668
5811
7640
9833
8215
7706
8882
10518
9118
7104
10894
7966
5733
8491
6351
6718
12642
9257
17451
15467
12419
12323
29278
23205
22987
24063
26610
31008
21046
22681
11933
16282
13866
16539
18650
16018
11984
17747
6260
11180
20423
18865
9544
8403
14135
7799
8464
13397
11454
25354
5534
6157
13091
10072
6935
8875
8907
7592
11363
8319
8620
12251
9497
6754
15054
16926
13696
16430
17629
16004
16225
7221
6467
30285
7763
5541
37314
45866
29898
8627
41166
9174
40583
5989
8323
13200
17516
11563
9594
22038
27210
23479
8316
23229
8143
5035
8913
7645
18037
11756
6920
13130
6966
11425
12706
17150
14393
9997
6095
10912
9595
5218
4435
7840
6443
8076
8992
8401
6661
9522
5730
8041
6089
5313
9934
15951
15152
16366
7418
7261
5924
12669
10882
7579
9736
6402
8033
9976
6544
7886
10861
8879
7743
9270
5534
7530
11273
8774
6100
7045
9745
11317
13027
5809
9259
12183
13221
21177
23126
19669
13299
12395
19164
13552
8569
12361
11298
19779
17767
9427
9427
8881
11487
14681
20070
9876
11276
9197
6864
9188
5001
11794
10342
10588
10219
8680
6503
10184
6249
7795
10157
7742
7027
7368
9558
8313
6152
4676
6720
7496
5693
4139
16206
19174
19828
9934
11310
8189
13597
16651
14035
10658
12836
6901
9379
12238
8548
11134
8542
10680
17065
6203
8284
12484
9658
9998
6174
8798
8934
9452
7314
10163
6562
14835
4894
6594
8906
15469
6899
8108
7938
7559
5595
5330
5499
7809
7357
5635
12940
6569
5650
4917
4760
6518
6309
7379
6081
8229
8491
6470
4575
6665
5345
5761
6397
6907
6842
8485
6465
7074
5325
4625
5126
7938
7011
5106
7643
5339
7551
9475
5377
15728
5813
6730
20716
7799
6884
4943
7187
5509
4718
5445
8951
4572
8839
7673
6647
8289
8126
6222
7504
6630
8317
5048
7244
4485
6661
8198
6334
5568
4656
6411
5816
6719
4755
14646
18699
16362
4693
4590
7283
6279
5276
15112
4887
6560
5373
6414
4957
5647
7288
4893
7305
9043
8534
8172
13206
7657
14022
12133
8779
20105
10078
16399
8376
14873
18010
11009
12830
12506
11009
11107
14421
10129
13159
15600
6252
10479
7148
7821
11490
9723
7919
6067
9083
5560
7302
5263
9649
7194
6006
8996
7811
10291
8684
5534
5742
6615
5987
7619
6018
4883
7488
9634
7717
5820
6049
9205
5986
5236
8452
8398
6754
8128
11766
19169
6273
12766
10746
8401
16185
5854
8173
5463
15478
18463
19683
18406
7475
20244
7448
6900
4934
10946
7216
6313
4585
5210
4766
5442
6792
6521
6132
6143
6554
4451
7721
4773
8921
5706
9297
6906
10971
10018
6672
5384
6054
11816
6249
7354
5802
5799
7720
9929
10037
8443
10262
4828
7562
5656
9723
10211
9445
17407
19551
15617
14268
18819
19533
6907
11975
8026
8599
14664
6086
10012
9773
5909
8787
10645
11325
13747
8825
16258
13785
18003
10200
14543
23260
17110
21658
23732
22365
9336
32916
16514
36262
14603
21043
18137
14416
15012
7603
8019
6756
14364
19156
23953
11074
20893
9401
7682
9882
14421
9082
5240
5426
5170
8651
5888
8518
8338
5628
10030
8203
7177
5891
6817
8494
9140
7135
7761
4847
4956
9595
7743
5814
7586
10351
8627
5831
11663
5033
8543
12428
5137
9236
15009
9251
7025
5773
9467
8336
7059
6531
6500
9957
7560
5185
9903
6894
10095
6909
5373
9251
7966
11225
17139
12954
11836
6964
7089
15059
9651
18091
8313
6370
10232
5491
6387
6627
7324
9405
9829
8503
5847
7904
6760
5262
5711
11986
4863
7148
9030
9025
14141
7311
12495
8114
5491
7995
16107
7531
7276
15523
11643
11168
17741
8040
7398
7498
7500
13660
6219
8993
10039
6551
5024
10332
9375
15910
6503
5292
7475
9562
5626
6553
6837
8872
10816
7169
12721
6856
4649
9735
11768
34142
15240
13019
10649
14685
10766
10638
20344
8698
7053
7091
7476
7028
5566
7162
10012
19030
13680
7411
10172
24076
20800
19913
19705
33613
35921
9775
13552
31200
16253
16595
8275
12010
12575
15493
10611
5419
11291
11779
6103
7134
10917
5382
10100
6105
6694
6824
9160
7188
13948
7608
11747
10655
7016
9643
7120
5927
14116
5664
8605
8454
4835
4433
6339
5127
5184
5124
9533
4059
6458
4898
5115
7510
5083
4078
5972
5916
6022
8632
5399
5687
7371
4806
6935
5304
7976
5127
7545
6438
5532
9710
9026
7082
10166
7969
11034
5359
10520
6613
10160
12697
11718
14112
16535
9343
5313
15943
13222
7177
8210
11475
12082
7209
10223
6331
4904
4987
11377
6206
7355
5509
9843
6468
6279
8797
6963
10183
9435
7540
19013
7701
8523
12097
17620
9073
7404
7366
6463
16715
16945
12688
10864
27053
9190
15442
14240
17621
9579
13526
8386
12089
11318
10192
8210
10822
16459
6169
14147
11271
9520
7090
11126
7771
6390
10390
6266
5686
5528
5742
6929
6322
9308
7169
5762
6097
4584
5141
4738
6271
4967
4218
6014
4834
8198
7892
6481
4945
4616
6999
4357
5957
6671
4878
6588
5443
5123
6838
14821
10527
9341
9342
11182
15594
11746
13255
9651
10953
13305
9131
8629
6720
5139
4514
8571
10074
8085
6916
9086
5240
4828
4380
7115
4400
13112
6077
4561
5799
8905
5454
5550
7437
5825
9273
8839
11085
7402
14870
10336
9003
7595
8406
6964
8843
11100
5921
10131
8325
7821
6267
5218
9680
7620
21846
18475
17295
20713
6854
25039
13999
24156
11717
5034
14958
6901
6808
12944
7889
6849
11329
8523
12187
6356
7390
5914
9042
7722
7810
8317
7308
6822
9113
5065
7856
5645
5089
9507
12389
6402
7486
10626
17974
8042
12332
14267
13032
10203
9748
17329
9125
6422
12699
10490
7068
9488
8212
8072
6729
8688
6981
4599
8085
7590
7807
6849
7287
6104
7778
7052
6479
5246
7622
6271
7890
4311
6677
4871
6474
6576
9766
9431
6428
6780
8010
13776
13036
5763
9407
7077
10237
5412
21164
16368
18131
21598
11413
17055
23020
13342
15788
11952
22258
28865
26797
30808
19209
13285
12268
13519
20082
11351
10409
14813
14513
18258
7345
12579
9902
7846
11605
20843
9053
29416
20815
18192
14413
16958
6299
9985
16937
33237
25765
19577
40454
16702
8651
15521
21992
13700
28259
37233
26660
23638
21934
32441
35302
32914
22510
16980
39709
12660
24448
19858
14806
27363
9606
19518
17711
14352
9626
17038
28396
12491
9090
15147
10498
12475
9379
6357
13080
9757
7374
20613
18943
22195
22861
13113
11756
13391
18993
18224
13932
11797
18049
8301
16077
10140
12365
13744
26372
24580
21473
18780
11583
25559
18490
20705
12268
16535
10700
9060
6848
12737
15427
11052
14146
11889
9883
8955
9356
14828
17851
12101
14622
9074
13346
14840
10368
11823
14083
8254
15483
14670
14185
17424
10552
11289
9862
9880
10016
12000
8418
11314
21581
7638
7274
15035
19393
11571
17536
13495
12897
9058
12186
11452
37747
38505
31278
33146
30454
29336
27453
25461
14236
19256
12884
21808
32812
17878
9538
36677
32809
13775
20822
31082
15349
10482
10815
8567
18808
14354
9301
6667
11507
10127
6924
6805
8719
10763
8868
8090
6810
10238
9626
7946
7716
6904
8779
10224
8834
13921
13590
16806
10065
10660
10184
6322
9107
9661
6036
6234
12137
6443
8653
11298
5439
7947
6897
4866
8357
5698
7544
7886
7319
6273
8565
6421
9172
6763
5270
5266
6582
11053
7172
6822
5881
7643
9889
10595
15706
8534
10291
7184
15473
7871
4699
7599
20419
8481
9020
17703
24762
24985
9468
15726
13123
12225
4752
13189
6908
5207
7742
7034
5005
5649
4984
4509
6032
5551
7325
5528
6414
8821
8482
18115
9100
19939
12038
8890
12026
11687
25550
13638
13174
7754
9502
13511
16800
17451
15550
12345
10928
15206
9645
9728
11597
16811
11295
14497
16834
7671
13319
12259
20826
17334
12981
33505
10989
10523
20828
24596
10105
20022
14224
6473
11137
7439
8072
16887
12242
14788
24627
12514
11731
9897
15220
9303
12318
11124
11178
6958
15789
12295
8271
9786
6787
7183
4760
6291
4786
7319
5151
4884
4314
7489
5811
10464
7993
6294
4843
6302
5781
5206
9410
7695
8199
8036
4863
6718
10220
4820
11042
6942
6574
13837
6044
10532
10278
17195
14952
5934
5248
7166
25651
29811
19958
18073
20053
6558
19846
4793
10612
5699
12391
8746
9563
8402
6060
10961
10190
11311
8344
7392
13028
8848
6217
13539
18389
12221
15102
8359
6848
16044
10760
20544
6770
7914
9328
6761
9582
9679
6733
10069
9338
9240
7020
9140
4809
6973
5269
6026
6236
10046
11838
5798
17138
13933
13711
14526
12799
11485
10573
6711
10528
8106
12009
8406
12326
10998
9502
7816
8670
8321
8219
11051
9666
13717
8000
9780
7344
8858
5505
8073
6497
4014
6727
7735
7231
6015
8975
7843
5906
9631
8522
9965
5938
6133
4757
7191
8532
8129
7756
11451
6414
11434
7224
5874
5652
5673
6330
5283
7692
5809
7410
5214
4953
4326
7026
6054
5297
4679
6776
5332
8869
6893
8969
6484
4417
5245
4668
5467
5280
8523
8003
10454
7755
10624
9877
7780
10494
7046
9658
7384
13971
16468
7402
18976
17640
8069
6083
12824
8899
7199
5867
9421
6449
12908
9763
6923
13039
10451
11150
6349
10159
9341
6365
7161
6792
6189
5346
7443
5728
16200
18723
12236
10273
16658
16778
6752
8850
26931
10348
9082
7358
8799
9880
7310
9786
7593
7254
9125
8330
12982
9080
10951
14417
7764
9272
10091
10755
8905
7606
6816
8161
7738
7239
7170
10599
8587
12377
6339
10389
5912
7120
7289
7129
5592
11614
5118
4565
7137
6645
6565
9024
6894
4516
8555
5965
6519
5051
7810
5691
7727
5916
7158
5668
5316
7707
6990
8098
7175
7070
5569
8004
6895
6550
6176
7057
6889
9298
10128
8192
7904
9239
5660
12862
7104
10121
9867
10784
8372
5743
13213
10959
6093
7766
11178
21081
15238
29929
16025
16746
5327
10895
10731
18381
13557
14742
8353
14162
17314
13083
17361
8527
17694
7172
5167
15887
13194
17367
11522
16807
17260
17241
13808
7565
11084
10799
19681
10015
15445
12807
30762
26057
17415
21207
18078
31554
34080
20307
22887
22969
21193
14484
19321
18641
10850
9313
24071
7999
11582
8032
5320
10548
4976
8404
10644
17937
24178
22063
19386
12492
15629
9492
12361
11282
12448
9275
9476
20303
9938
10123
12585
8319
12805
11141
9330
8426
14276
15839
11686
7275
10955
14316
8011
10160
7644
13079
15212
21502
17686
13635
6138
5881
13221
11901
19493
25559
23394
27714
19316
21300
20419
17223
16033
11726
18394
24176
32850
12008
24645
20526
9578
8975
17165
15728
12835
11451
14460
11177
15529
12327
16648
19049
22847
26173
8728
16938
19839
6912
24384
17922
13402
15456
6686
27048
15717
14543
14489
12633
10528
12492
9291
13456
11504
15719
24911
12951
11644
9669
11201
8946
17377
11667
10656
6634
11413
7908
13346
7247
17309
14563
13396
12489
15163
12120
10156
13980
20412
18244
5850
13074
37978
9316
13097
7825
37226
9186
18035
6049
16405
17843
51583
12353
45866
9902
54136
22574
15493
52894
11229
12041
25839
4848
18599
12887
8143
6714
10955
7296
9456
12992
12286
13991
18518
11820
7619
10205
9669
12783
10222
8303
11555
9156
8276
14611
10459
12598
8787
8457
15954
12940
7822
12514
8930
7129
8729
13042
15129
18947
11699
6474
14156
11721
6345
11426
10484
9826
20684
9763
8344
14392
6400
24507
19020
15455
5802
5506
7490
9044
6950
5879
7032
5825
10570
7238
8955
5332
10096
7365
7384
7387
15828
17960
22654
11802
11406
24475
7257
12153
7225
6603
27397
24800
27091
13544
8873
8649
14743
19973
8617
25801
13899
7995
13116
9520
9896
6490
13411
8161
7844
19602
12539
8531
5979
10638
7323
6970
9058
6182
24319
14819
8662
11586
13700
16315
6523
9515
9028
7565
17825
7606
10996
7249
8051
7852
7224
12141
10312
8641
10020
6657
12932
14601
13537
23179
16079
17241
11257
20947
17710
6277
20204
31168
26334
33247
14756
21413
25645
29465
29733
29482
27165
33422
31440
9244
28259
20639
35426
13922
10358
19883
13973
28190
48546
35707
25272
28550
29314
28950
8270
15303
20257
38095
10204
36430
15882
8927
17208
13559
10865
16487
11397
13556
18086
8023
13320
18418
10032
13028
15718
15866
21791
12613
5394
14612
7685
7369
13033
11467
14898
13823
17228
20072
16191
34208
21027
24250
31747
20138
11073
20031
13739
20333
17910
23774
19521
29794
32123
32996
27291
31412
33771
36375
56664
41132
44039
25370
54114
32144
21468
54694
27079
18767
38169
32966
24385
23703
38992
12312
16158
14865
16850
15176
19487
12459
17328
14359
11984
30231
20824
26760
9138
14415
12058
12079
8765
6943
5956
10253
9956
6797
6211
12492
5164
6167
8436
6731
8645
7907
6383
10745
6196
16685
18467
25743
9925
27408
35051
15792
25664
24303
13550
18405
18748
26475
27776
16146
25482
8990
21449
25673
19433
20008
13525
12118
15201
18223
10430
22232
10250
9646
18308
12875
16537
24686
18315
20702
10915
12651
18838
10873
16853
9282
13025
7935
10623
9457
9146
12673
11471
9846
11849
5899
7941
10287
8335
6908
8408
6024
9982
6087
8640
12704
6854
6083
8611
9860
7617
6842
7917
7466
6760
10713
9070
9636
8016
6911
10393
9752
6398
12380
7267
6090
10077
15797
8443
6287
8426
15914
18062
8473
12763
6400
11109
12367
6332
8415
11501
9239
10671
8756
8978
7702
9951
11963
8056
7589
6058
12785
9791
7879
8449
10169
7360
9737
10005
9180
14047
17419
9762
8772
11929
9363
27351
25783
21346
26256
23108
31093
12985
15678
35639
19432
11820
18731
12293
22852
26693
15308
19181
15490
19540
14956
13558
13944
12250
14108
20670
8340
8126
6541
15206
16573
14007
6952
9440
10670
12283
11935
14605
17908
15821
20582
17568
20560
20882
15339
15348
33333
7866
11284
10548
9041
33873
29038
18007
30464
31630
36266
36640
19283
18200
18827
11003
15691
22589
15001
19770
11051
15739
12195
12473
26003
30244
21671
20046
14701
18668
12885
23603
32535
18320
16291
12218
35406
24407
16276
12476
26432
17136
11351
11148
14714
27055
8570
11504
21425
16552
11097
14065
15219
14225
21666
9159
12818
19543
17741
21865
16096
7564
22023
9400
29205
13187
11741
14455
17809
11963
14408
16699
15869
14180
10394
12823
13053
7628
9789
16642
12441
10980
10545
8110
11686
7179
10701
7472
20320
10418
7625
8481
11168
8683
7439
12529
10825
17420
15411
13536
6995
10584
9351
9157
17734
14757
12010
28337
14189
9591
11843
14497
15307
15692
13047
13524
18277
8825
11570
16897
9855
12858
8467
10495
13025
8492
8500
6563
9262
7877
12819
11001
8839
13994
14186
16630
8135
12134
15821
12240
8917
12796
10395
10660
8771
10024
9592
11659
10793
9831
10882
9485
10189
9292
7586
19545
17714
15965
14277
14800
7669
16310
12275
8521
21722
22784
18268
35236
10435
16439
16721
16059
9541
8931
9959
7726
10515
8215
7643
10654
6017
8488
9665
6005
8823
13317
8648
15206
12763
17157
11285
14299
8064
6846
8217
5916
8479
5189
15344
9799
9294
16538
9732
6535
8965
9312
7635
18835
11045
10191
15101
10308
9122
11664
15606
9893
12109
8711
15161
18291
11577
9208
8971
11242
16771
10835
21157
15356
18999
5644
29186
12001
16923
35492
18029
22765
18629
21582
37197
23364
10723
21467
7957
15102
16503
24496
15505
26352
35343
33712
25787
27817
18942
26686
23386
21858
35200
17092
35828
17220
7660
12121
14782
18330
11142
15636
13732
17526
30469
22129
16092
7805
14785
16953
15838
12877
26075
11825
22545
11297
17585
14232
11882
10320
11357
11591
13028
13205
10009
17986
8310
11996
7683
10868
12149
18361
8858
11307
11151
10116
8283
12654
9674
6304
11141
9898
6540
8327
14562
10173
14754
11913
10719
7060
13164
8314
15643
22080
16461
21767
11510
10691
7720
8994
6764
5725
7762
12781
9233
6955
5941
7396
8289
5992
7910
5137
7804
8616
5234
6592
5153
5229
6273
16028
12965
17368
14207
9758
8477
15577
10513
9165
7902
12113
9894
11178
10528
10646
8807
12641
5231
9252
12838
17643
13226
12284
12139
8853
8508
9552
6946
5217
5360
13669
5349
6544
9637
11960
8591
11092
7806
8123
4884
4482
8200
12060
15611
10355
14342
24913
9362
20912
8495
32270
29093
20430
22723
26951
29640
19564
25340
41006
34074
10246
14293
17035
19797
21760
16193
11571
17428
10708
10685
10115
13358
6561
16349
11707
6457
9102
17275
9569
6721
11835
9801
5961
9225
6473
5303
7691
6689
7325
10645
5456
10292
7299
8005
10358
17584
7153
11790
9427
8526
7300
8033
13742
18254
16744
12971
24326
12237
10977
14933
20925
11035
37803
11030
9285
12639
8095
10838
15119
8069
11318
11632
12403
11042
17405
6025
10586
14345
7783
16578
10351
16995
9995
11782
12193
14709
12627
6051
10727
6160
14786
14286
11542
13390
11134
8133
10840
14876
6282
12703
12295
12017
8142
11618
8081
7970
13552
10134
9136
8259
16875
12785
12245
9006
15067
13293
9223
13457
15523
20568
20100
26583
16756
25432
15401
9848
20282
7379
16866
16008
15302
11547
21144
16741
12884
18844
31091
11425
33038
35462
17384
30893
14489
11371
24673
15608
12461
9507
8547
18505
11679
11794
16893
21145
15768
19963
14055
14911
11997
16706
14867
12662
24444
10275
9431
8451
6839
21057
12586
17904
12139
22761
9273
8800
8574
8982
8509
18350
23117
14309
12603
10729
17171
9646
11017
6288
6559
6960
5233
8372
7077
10795
9723
5619
11802
8401
7405
13242
13836
12470
6455
7406
10501
11057
14416
9402
13793
15235
14711
11183
10610
8482
13932
13975
18504
10306
15761
10944
7395
24759
19573
21437
19630
10300
12285
25177
24921
13643
14710
8631
12635
14122
8401
7082
13024
26502
17032
15860
7911
13336
12671
8447
17468
15341
9323
21589
33308
13175
14627
17392
12404
11798
12511
11524
9898
14126
12830
11631
7950
11495
12405
15962
10268
12167
10915
13769
14087
20261
18675
22787
23800
12458
22324
14534
10550
16485
7429
30120
18650
14933
39731
17673
19866
25388
15105
25341
35979
20827
27730
14025
19030
27363
10025
11739
21580
20677
15932
33112
24197
15543
14271
13941
16106
24009
12201
10626
15285
10612
10918
23849
25872
23079
26077
11018
22879
11932
9738
7580
7238
6292
9675
10086
7226
8310
10480
5904
8122
10361
7720
9068
9191
7837
14640
7411
7342
13430
7693
11931
11380
6012
15792
8808
7517
5424
8428
5023
11184
9572
12216
10574
10272
13500
9236
11898
13370
16181
14079
12932
9418
10513
12420
12965
16629
10615
21057
15110
8115
8645
13103
13347
11600
8882
12041
7486
9740
5832
14120
10390
8449
8187
12204
8688
7265
9231
15115
7657
5847
6044
11815
8153
13541
5969
8256
7840
6957
6748
8417
10998
7445
10277
12872
11373
7211
6403
7928
12944
9559
11896
15127
10419
6516
9567
7220
6932
8987
7030
5411
11076
7480
6882
9198
8185
6567
6646
11133
13075
9950
8006
13099
16603
17334
14403
8570
11860
35075
27225
34962
27152
15071
29337
18587
36691
29885
18454
12105
9729
16606
15641
23395
12690
22994
10193
10298
11484
10168
11219
9472
15264
10578
11733
17888
10475
10160
10163
11202
23156
18448
10418
12002
9511
11310
13001
11490
12392
9801
25603
15317
13419
43258
41336
45576
42430
44738
34917
41403
30737
45192
48993
11511
41999
44858
32434
28527
41859
46166
36075
48331
36581
27004
19283
24045
20148
17054
19012
41560
34145
37948
14252
28961
27032
18089
26830
10032
36049
16557
22966
18111
27569
23657
23242
32602
17173
14867
18408
10931
16609
23215
20765
14827
16282
36953
15546
12871
23456
18575
24282
18935
13317
13422
20537
21048
22962
18911
17087
34007
25851
23264
7730
31406
22323
33015
14876
27705
20857
14357
27728
37977
21822
24430
13380
13102
16863
37413
27511
30204
8588
15919
25267
24319
17200
9537
13771
19377
16555
15548
25703
26894
28072
28816
16204
15745
13372
12228
13858
12382
8575
26303
14080
19158
15719
11800
14542
8430
22807
13746
18887
8451
14275
13254
25473
10765
20216
11995
21474
16250
23923
14371
22469
16201
13156
16290
21370
14466
14344
12500
10819
25327
12532
6593
8565
13243
8248
16187
19537
13069
7487
11743
7743
28703
21479
23338
11880
14715
24353
21950
10505
20518
18995
15385
17223
11619
13462
14718
13189
11930
20171
16005
11876
14029
10175
15382
17201
12298
20275
18823
9098
15525
23911
15000
8742
11530
10055
15247
12093
14629
14754
13861
11830
18075
13922
8177
12454
14250
6627
12941
15289
12286
9366
12789
9830
17527
12169
13994
12173
10045
8961
14731
4925
9107
11965
5772
9175
9327
10763
9387
13343
11669
9466
6238
11467
8941
11450
10022
9692
9940
14113
9419
13849
8101
12527
10836
10604
7945
8833
9910
22778
7696
11218
10720
10642
15369
10977
12243
10094
13914
20139
14134
16680
11093
12525
19310
18311
13843
8408
10280
15495
17635
9159
12679
8673
8890
16266
12710
6675
9050
8447
10013
9853
12932
7881
11067
12883
8876
6057
9047
11614
7720
8839
9040
7323
9257
9204
18637
17109
22199
9911
10088
29244
23632
16433
16707
11950
22286
15550
26799
23831
25688
29665
25244
40998
26604
25300
21689
32688
50440
44274
35967
34904
19235
23147
13796
33046
8870
19419
30283
28365
27571
21773
20015
33037
12147
18119
17005
23482
12751
16366
18540
15027
11017
10589
15211
7751
13839
9575
12438
8530
9895
11398
8369
6729
6580
8704
7654
11924
10327
8422
7819
6604
9252
19812
7861
25550
14062
11195
18387
16229
13985
10435
10035
9531
14266
19692
9185
11617
17779
14559
10559
17427
26061
21533
26915
30071
25324
34104
28410
17276
18577
39093
15020
17384
33323
34928
20315
12200
22882
10418
9864
19552
22372
10276
14954
12886
7382
8230
16381
9206
10988
13478
7438
5564
10090
14847
7981
7750
9045
12231
10105
6706
10447
9877
9050
14413
9033
11157
14103
11443
8145
16326
9526
9139
14495
11977
9958
7870
16868
15583
9259
22783
17344
10852
13163
21521
18931
10829
21674
17953
23633
10810
18069
22388
43419
14026
19080
25005
23738
22035
12410
15901
19525
25554
33646
15566
27862
15607
24671
16720
33757
15784
9679
16747
10583
14852
12433
16148
12313
22848
32631
25797
27896
16276
29395
25744
17984
24638
22833
14035
16918
14557
16797
24728
31846
25456
19197
19927
12383
25274
18287
21872
42534
27420
12165
21037
29119
10666
12476
13484
10610
13482
32453
29443
23481
31525
17014
35619
42201
47175
44479
19582
40848
24716
27915
20618
45437
29287
38814
34979
44080
31413
44860
46833
42219
35908
19327
36866
19274
29479
27140
18138
33544
21013
27687
33437
23872
30659
14476
26751
24526
23173
22719
16738
24824
17527
11680
9761
36533
20263
15942
14652
11036
24213
14825
20017
8487
17972
17293
9621
12512
9479
18340
8938
8171
5504
6638
9960
8301
6291
8684
12966
11018
9249
5982
7658
4693
7047
13010
10321
7178
12024
14745
12375
9176
8396
10766
11077
14125
10084
8747
10856
17754
8117
10940
12337
7943
11681
12990
17726
10243
14075
10245
11297
11114
14625
8751
16990
21818
13083
14103
9300
12427
12534
9936
8462
20998
13020
22446
13889
22847
11245
15468
13684
9615
8500
16572
11214
9335
15726
26155
14047
28590
34531
24302
17141
20551
32342
37152
45269
29973
23592
35644
46480
47802
37987
22845
39031
38476
26074
19107
18075
22758
11866
10426
20517
28230
17482
10456
24273
14746
12306
18528
13869
13773
14354
13904
21307
17159
13609
9877
8159
11670
9105
10590
13650
20016
22894
16301
13953
16196
18170
15793
12526
13688
16453
9673
15191
13688
12098
25760
25884
9698
19273
15386
17666
24904
11296
27952
17904
16379
14555
18491
19962
12825
32834
21469
21055
15206
17308
12815
25096
18781
11300
8849
14774
16249
9975
9548
13121
9991
13136
11110
11231
12219
19022
12014
9514
14646
10802
10127
11205
7946
10977
9008
17480
13451
22631
12517
16869
6458
13878
15725
20710
11690
10268
10885
9822
9038
12970
13660
18875
9075
10006
8056
7611
5093
17294
15401
12284
10504
11432
10073
8098
8095
12289
6824
11311
21584
24015
22144
7598
7129
9424
8779
9858
8088
12667
9765
7985
7884
8241
10846
9832
10931
9435
6270
8101
7286
10821
13445
10181
8865
6341
9278
10797
7380
13919
5627
11873
14335
9572
13716
21068
8321
15135
25631
20824
12025
15341
10833
23888
23299
15903
13214
5566
14312
8866
7305
20989
11096
17363
11815
15959
30931
9756
14761
9297
24911
32213
27009
38827
29001
23257
13034
27202
18977
17273
28319
21960
18774
19865
16181
21765
15229
26127
13288
20613
22141
13360
10332
23967
12701
22900
13442
8849
10094
16681
14995
18843
24509
13065
10435
12432
16769
23330
17725
14036
13335
16537
13139
18699
28705
13955
12920
19210
17440
15668
22616
25750
15665
27798
19343
13008
15423
16513
19012
12827
23484
15807
11438
9794
17719
9192
16628
14332
20382
12921
11108
13524
15504
9065
9370
9839
10248
9563
11407
24246
29167
25221
22305
35859
12932
25139
14239
29427
32368
14071
13859
8606
23508
11905
14731
15946
14844
12802
7764
9989
17757
12981
7158
11427
13859
12145
8333
11394
13832
10306
15646
19759
17537
21215
12917
15100
21345
11949
10381
11532
13104
23009
21041
9867
17012
16707
10539
12442
14048
16298
21149
13362
17423
17987
25764
11989
22127
12186
19205
19606
21977
14850
9392
34850
24366
13410
19820
8732
23532
8818
19918
11678
9250
5835
32189
16315
12517
21605
8196
8298
12803
9746
8723
7569
7545
17652
15555
12070
18862
10990
13625
21329
7806
24404
21400
11991
14449
24528
26391
34289
30037
17038
10823
17512
13698
26019
44042
16615
14048
11944
20378
14783
24927
14434
11779
11007
18850
29671
13224
18688
17536
13632
13581
17529
12019
17451
10595
16876
23650
27610
15483
9143
8914
12371
14097
7651
9628
10061
9297
7117
9955
8237
10915
8122
12432
18894
10188
12756
8639
16959
12995
12218
19229
9174
12095
24176
15456
14286
12813
12021
8763
14970
11188
22518
11230
17152
15672
10464
8630
9191
11306
10418
13565
8395
7453
6171
12404
16619
8756
14497
12983
12937
12529
12866
18197
23343
26964
21764
27108
21473
23166
8230
11859
15115
23045
17478
23558
15013
28310
20200
14318
28612
22455
20898
12852
14536
20789
22730
17311
11726
15102
14188
9211
11301
13930
10602
10990
17745
15294
10382
11139
19814
17381
11733
23028
20728
13270
24114
7471
29362
27416
38172
32390
10648
9880
8647
29025
9223
13186
14739
12732
20966
15338
18022
25029
22182
11510
31727
37527
13380
14536
13118
13549
9513
15045
18854
43830
47127
13680
25022
20861
11970
20628
13339
22097
21561
12105
21084
16676
15261
11826
22692
13771
18797
29732
21212
11719
20154
19478
17104
14331
12616
14554
11504
22353
11163
10108
19459
12208
11922
6935
13895
9586
12642
9568
7928
13880
11804
8473
11598
14041
9003
9304
11903
6814
24371
6693
16651
11819
15752
10137
6439
6036
7781
6722
9147
9406
25579
10532
6456
15697
16430
9147
12106
18752
10469
13175
20356
19164
15979
17945
12167
14639
12632
11872
20596
36328
11581
20478
14068
10559
21862
19942
11483
14950
24869
15290
13743
17916
10084
23375
23393
28500
13243
12090
24110
11801
18196
15979
8217
10056
16699
14782
14683
23775
13038
35722
31464
33026
30479
15621
15948
23706
28542
25675
13960
28828
15458
8889
21095
5189
10224
14958
12467
20432
17855
10823
10179
18268
12146
8194
17754
13542
15642
18001
26991
21740
16415
19820
19994
18362
9121
11402
27334
37924
22988
42773
30221
41431
39383
31923
21262
15730
18652
24438
15166
24779
23401
11779
12952
29063
9693
26480
17932
13896
21120
12803
7441
15866
19223
18057
12159
11041
8849
18388
24716
19760
10227
10685
15318
19817
13908
17140
10969
5321
11232
13724
14381
26333
24106
32867
33387
38374
47677
41711
40488
27020
29477
38141
35225
21565
38309
38295
27157
38571
27237
31621
25460
23515
18797
21080
31453
20114
38902
21733
31455
22219
41662
22783
18859
24337
19636
33349
21816
29590
23594
35904
28399
41640
28065
20647
36228
17152
17450
10189
27514
15892
27576
8553
23789
35993
26015
56366
23684
23370
31716
12460
30849
13103
15255
15516
58017
20104
17336
45633
47624
40347
44146
56991
50158
57171
52903
23839
27979
23909
25778
22101
56155
20270
53854
30919
10902
11889
11871
10774
15858
25160
16841
11915
15411
18773
26432
48915
40001
17352
22067
7499
6830
7533
20678
11937
7965
13859
12664
10804
17649
16239
6146
18687
14528
14379
12272
18636
12542
27071
17105
22963
15811
11281
15289
20490
22710
13315
16349
18587
13570
17123
18573
13460
11366
10141
10856
21922
22252
14085
8252
10339
17283
6388
11688
11216
10017
17440
9856
10938
10951
16155
9489
7932
20228
18643
20046
19654
9828
13594
12519
10177
9259
14360
7777
8367
13711
17714
13814
18434
37163
18848
11659
13072
6797
14910
8997
14423
18511
8724
17223
13819
8100
9781
17632
20852
16258
11995
11097
9575
17269
13446
8032
15028
20356
32398
42662
51779
47902
54894
53149
50978
37837
11274
21652
34352
42256
38593
47172
57999
49633
55944
19860
60184
22594
25627
14748
35890
26036
99870
45353
51191
85086
74000
58385
102141
18986
33249
31442
30798
9557
9224
5638
14440
10434
8530
6786
13517
10053
10701
8055
15160
31991
18282
16594
14686
17468
8214
12214
14699
15238
17743
14684
11302
16844
16033
9806
12011
9420
19529
9801
9987
10407
11383
11107
18671
21665
10667
9391
8566
6908
12165
10234
6651
16379
20609
9116
13382
12047
8731
20067
8835
11962
13642
13191
22970
18385
14242
15767
11018
17359
8070
10120
12042
6457
12622
10950
5466
5568
9902
16002
7880
14475
7075
10588
8927
5743
7490
10558
9267
9668
11735
8682
7622
12742
10656
9411
10841
9506
12764
8243
10127
6885
7223
13953
11281
7687
12923
14383
20261
16794
11666
9370
8749
15660
22332
10292
19618
7877
8773
11854
10361
8739
19524
5242
13353
9150
13527
10928
10221
25801
28325
28603
27032
22940
26898
33466
11833
44606
28087
27122
24956
16173
34114
30960
31552
30965
25803
40258
18108
30927
38549
33689
31829
48147
31676
30958
23029
31238
13022
34833
37082
40694
19936
32960
25440
39463
19154
31686
27203
23236
18347
8016
13831
28965
14941
14265
15892
13868
17655
23480
16715
29374
47382
41120
17186
30910
39206
17004
46712
38340
46457
38447
13613
36544
13425
14247
64215
25638
41951
29373
19965
17817
17100
19043
16730
15578
15407
12317
18398
16947
13492
11457
22583
17484
9763
15130
11616
9709
8629
14273
8629
10509
14523
8145
12425
8350
8116
12189
5480
5481
5989
6858
7600
10678
10982
9802
10607
10192
12329
14644
14245
13447
12012
10058
10555
9076
7023
15547
19864
8034
6733
8891
13687
8016
9307
10180
7489
8814
12600
8042
9148
10056
8078
12806
8714
10154
16796
18964
14888
18141
29806
9395
12371
16391
24654
11445
21837
12942
20880
8309
15288
21409
15399
11591
13676
17738
11595
11164
12178
12245
11917
6637
12721
8471
6923
10667
10323
8509
8217
11250
10488
7908
6607
9629
6900
9646
7618
11864
10673
9916
10357
10041
7724
8053
13990
6025
9749
6964
9089
6892
10787
11156
11362
9732
9716
5607
7668
10634
7541
6817
10329
12276
9622
9600
7407
12308
12469
10686
10984
9878
6991
8814
10123
8114
7045
5359
9524
9029
6581
6805
12663
10283
9561
5531
11510
8828
12311
6666
8913
15415
10997
13095
12715
8023
7239
11353
13260
7865
8908
9844
9081
7773
6144
6454
8562
16581
9709
8700
6549
8936
7802
10300
9193
7652
9864
14028
8989
8470
10238
8534
11949
8004
11307
8286
9373
13725
7761
5045
6030
9395
6219
6804
8063
12017
9524
11857
14533
11812
20281
14751
24336
27607
36678
28844
34652
26384
15277
30443
10579
22122
21367
17274
14521
10390
15933
11293
9406
17678
7836
21270
21199
18887
14331
8900
12118
10649
7009
6793
10041
11323
10734
10238
6584
8660
16014
6129
8324
5600
7190
9226
6800
10089
8085
11771
11560
10057
12710
8318
6999
5281
9223
11472
16681
10027
13290
11647
10453
28344
22928
24718
26950
23290
8405
10657
27286
9308
7533
11886
6079
10735
20846
9542
12293
9423
18452
16489
13989
9440
12805
17017
9209
10879
6204
11193
11250
19094
16298
13713
11943
15257
26716
24638
29337
34447
53212
28593
48855
18631
32105
26235
23068
32493
29271
33578
25522
23483
28380
24382
22401
20476
37073
27113
10141
31248
15565
21293
18198
14585
10403
26922
14447
24698
19083
13139
17138
23232
14278
14947
10395
14107
15863
21213
9591
11888
11066
24628
13335
11595
18430
28469
20866
11003
9909
10928
9603
11790
26101
16388
13674
15372
9846
12421
10849
12266
22042
14811
11698
15710
12324
18564
11287
12679
9887
13754
28124
13229
11496
19991
16546
14424
19742
13660
17694
13611
20358
13578
49097
19799
13298
18227
26230
12484
15266
14182
13523
7354
27620
20439
12503
8873
16364
16812
7284
6708
12794
10426
8855
12102
15198
7955
7120
10246
6122
9987
7684
9509
7250
6884
6438
11457
9357
8640
12394
8854
10505
8010
6540
18691
25270
33826
13640
33748
9002
13934
30067
15702
9407
8408
9979
16515
20771
6127
11279
9461
7094
19385
8573
17434
14010
25882
23202
27252
21467
8315
10647
26300
23214
13529
14957
12339
15966
13465
13378
17391
33330
12774
7826
14951
15105
19139
12345
11739
26200
11015
19198
15486
13746
11911
10489
23618
9582
12667
12638
23595
21531
16218
14281
13440
11689
24437
22308
15466
20536
24600
17169
9397
11881
24691
20488
7603
11914
24032
23282
36095
12564
9402
19706
10615
20451
20211
14892
16994
21030
16523
15477
22925
16533
30706
12981
24393
43717
25018
33726
16112
9503
18376
20811
11086
16807
25784
15498
9660
13728
39368
34429
30279
47572
37924
11281
36390
37050
47363
17487
16006
12170
14631
9742
11939
16093
12464
18598
8665
21115
14268
6180
11256
26335
15372
9582
13394
24525
14059
17286
12750
32105
17319
26937
11874
14809
13813
20416
10782
9581
16678
8938
12400
10931
25157
8481
9677
25696
23012
24546
21341
26743
22098
23262
13441
11739
26506
17839
25609
24044
20114
30905
8985
11498
18995
25339
8278
17531
14137
14064
8586
6464
16441
10469
8385
28572
24342
9034
17388
30580
8302
14868
16076
9327
12359
12713
7022
8942
11253
8993
8316
9524
7191
5559
10808
9573
8340
8280
12287
10740
9311
9323
10373
8028
12303
24484
15819
21987
21372
20921
22697
10847
10875
13009
11237
11891
14371
12781
17003
21183
12636
9950
12098
9026
9462
13464
14956
8536
5479
12775
12516
9820
20390
17960
10922
17936
22214
17280
27343
16076
8337
22372
21028
14895
12053
17876
12359
10756
32266
8001
7419
11929
14964
6402
10250
8781
10937
13700
7149
9491
18043
9064
24001
24426
11356
8280
16456
14339
16901
14959
18882
10024
19384
17475
12888
10679
14743
22169
21030
30250
21254
17864
18493
23182
19158
22107
18662
17953
12924
17506
9818
11551
28268
28490
11014
16019
15426
27716
18987
13055
15420
17821
13251
10247
18107
16930
12006
16331
10646
8774
13373
19172
13929
6163
12356
7516
10157
6458
8536
8257
7133
5939
9014
10974
12877
5916
13116
7147
6805
10263
7971
7258
7260
8032
6482
11040
7811
5500
6901
8368
10029
9338
8804
7293
6101
7444
9897
5976
6093
8439
8354
8953
9858
8039
9958
6014
7342
10912
5251
5822
5360
4786
7334
7757
7141
5856
6443
5840
7097
14769
17019
18693
21101
9285
11067
10477
10124
9545
9193
7307
5478
26866
8744
8681
8019
10285
5708
8896
21161
24345
11168
8862
14858
12455
20316
27862
26767
30805
11267
20814
16057
8482
9107
14802
17912
14127
10856
11738
15884
13426
9933
8088
16686
7798
13353
9442
8146
12201
11209
7360
11141
9393
13109
17420
10606
13255
7964
9203
8640
13568
10180
17716
12207
15604
19696
14725
17381
9826
10191
12158
6825
10965
8842
9313
11820
8107
7834
7416
12524
14760
9501
7632
10235
7357
7029
8576
5463
18082
10955
8836
13347
18683
11125
18332
24335
29067
29076
16324
30305
17820
34023
20012
23364
33020
23828
29198
37853
28566
9188
16221
23172
15766
11952
26841
18758
17822
10085
20202
15917
11394
10112
8359
13643
8157
11088
8534
5912
7645
12105
10331
6747
5235
6282
12060
7316
11896
8693
10561
7365
12392
9288
10421
11368
10285
10582
7617
10984
10968
12514
10670
13779
16292
15304
24163
19554
13828
10172
12781
17940
6662
14136
16436
12263
10301
8665
10503
9774
16105
17896
12176
24577
10252
33571
26264
39748
30801
29138
27903
9549
33757
13302
11600
17919
19316
11559
23089
18308
10403
14645
13349
9626
11690
8302
10938
12278
12020
12135
9691
12782
16855
16930
17730
9956
30446
16278
16763
24722
14960
33036
21684
18677
16846
20831
14962
30758
13971
12457
10931
8277
19319
6943
8500
5008
7800
7182
9627
12760
6650
12665
9379
7776
7576
12343
6734
8314
6496
6832
12466
9138
8389
7252
12107
7711
7986
13234
7302
